   C         0.461     0.00000E+00     0.00        1     1.68468E+00     1.03155E-01     2.90000E+00     1.00000E+00       12     1.66028E+00     7.79464E-02     2.90000E+00     1.00000E+00       23     1.62880E+00     5.39271E-02     2.90000E+00     1.00000E+00       34     1.59043E+00     3.37814E-02     2.90000E+00     1.00000E+00       45     1.58512E+00     3.29951E-02     2.90000E+00     1.00000E+00  
   C         0.461     0.00000E+00     0.47        1     1.68468E+00     1.03155E-01     2.90000E+00     1.00000E+00       12     1.66028E+00     7.79464E-02     2.90000E+00     1.00000E+00       23     1.62880E+00     5.39271E-02     2.90000E+00     1.00000E+00       34     1.59043E+00     3.37814E-02     2.90000E+00     1.00000E+00       45     1.58512E+00     3.29951E-02     2.90000E+00     1.00000E+00  
   C         0.461     0.00000E+00     1.41        1     1.68477E+00     1.03207E-01     2.90000E+00     1.00000E+00       12     1.66037E+00     7.79924E-02     2.90000E+00     1.00000E+00       23     1.62890E+00     5.39660E-02     2.90000E+00     1.00000E+00       34     1.59053E+00     3.38126E-02     2.90000E+00     1.00000E+00       45     1.58522E+00     3.30255E-02     2.90000E+00     1.00000E+00  
   C         0.461     0.00000E+00     2.34        1     1.68495E+00     1.03311E-01     2.90000E+00     1.00000E+00       12     1.66056E+00     7.80845E-02     2.90000E+00     1.00000E+00       23     1.62909E+00     5.40441E-02     2.90000E+00     1.00000E+00       34     1.59073E+00     3.38750E-02     2.90000E+00     1.00000E+00       45     1.58541E+00     3.30863E-02     2.90000E+00     1.00000E+00  
   C         0.461     0.00000E+00     3.28        1     1.68522E+00     1.03467E-01     2.90000E+00     1.00000E+00       12     1.66084E+00     7.82228E-02     2.90000E+00     1.00000E+00       23     1.62938E+00     5.41612E-02     2.90000E+00     1.00000E+00       34     1.59103E+00     3.39688E-02     2.90000E+00     1.00000E+00       45     1.58570E+00     3.31777E-02     2.90000E+00     1.00000E+00  
   C         0.461     0.00000E+00     4.22        1     1.68559E+00     1.03676E-01     2.90000E+00     1.00000E+00       12     1.66121E+00     7.84073E-02     2.90000E+00     1.00000E+00       23     1.62977E+00     5.43176E-02     2.90000E+00     1.00000E+00       34     1.59142E+00     3.40940E-02     2.90000E+00     1.00000E+00       45     1.58609E+00     3.32997E-02     2.90000E+00     1.00000E+00  
   C         0.461     0.00000E+00     5.16        1     1.68604E+00     1.03936E-01     2.90000E+00     1.00000E+00       12     1.66168E+00     7.86382E-02     2.90000E+00     1.00000E+00       23     1.63025E+00     5.45133E-02     2.90000E+00     1.00000E+00       34     1.59192E+00     3.42508E-02     2.90000E+00     1.00000E+00       45     1.58658E+00     3.34524E-02     2.90000E+00     1.00000E+00  
   C         0.461     0.00000E+00     6.09        1     1.68658E+00     1.04249E-01     2.90000E+00     1.00000E+00       12     1.66224E+00     7.89156E-02     2.90000E+00     1.00000E+00       23     1.63083E+00     5.47486E-02     2.90000E+00     1.00000E+00       34     1.59251E+00     3.44394E-02     2.90000E+00     1.00000E+00       45     1.58716E+00     3.36361E-02     2.90000E+00     1.00000E+00  
   C         0.461     0.00000E+00     7.03        1     1.68722E+00     1.04615E-01     2.90000E+00     1.00000E+00       12     1.66289E+00     7.92398E-02     2.90000E+00     1.00000E+00       23     1.63151E+00     5.50237E-02     2.90000E+00     1.00000E+00       34     1.59321E+00     3.46600E-02     2.90000E+00     1.00000E+00       45     1.58784E+00     3.38511E-02     2.90000E+00     1.00000E+00  
   C         0.461     0.00000E+00     7.97        1     1.68794E+00     1.05033E-01     2.90000E+00     1.00000E+00       12     1.66364E+00     7.96110E-02     2.90000E+00     1.00000E+00       23     1.63228E+00     5.53388E-02     2.90000E+00     1.00000E+00       34     1.59401E+00     3.49130E-02     2.90000E+00     1.00000E+00       45     1.58862E+00     3.40975E-02     2.90000E+00     1.00000E+00  
   C         0.461     0.00000E+00     8.91        1     1.68876E+00     1.05504E-01     2.90000E+00     1.00000E+00       12     1.66448E+00     8.00295E-02     2.90000E+00     1.00000E+00       23     1.63315E+00     5.56943E-02     2.90000E+00     1.00000E+00       34     1.59490E+00     3.51986E-02     2.90000E+00     1.00000E+00       45     1.58950E+00     3.43757E-02     2.90000E+00     1.00000E+00  
   C         0.461     0.00000E+00     9.84        1     1.68966E+00     1.06029E-01     2.90000E+00     1.00000E+00       12     1.66542E+00     8.04956E-02     2.90000E+00     1.00000E+00       23     1.63412E+00     5.60905E-02     2.90000E+00     1.00000E+00       34     1.59590E+00     3.55172E-02     2.90000E+00     1.00000E+00       45     1.59048E+00     3.46860E-02     2.90000E+00     1.00000E+00  
   C         0.461     0.00000E+00    10.78        1     1.69066E+00     1.06608E-01     2.90000E+00     1.00000E+00       12     1.66645E+00     8.10095E-02     2.90000E+00     1.00000E+00       23     1.63519E+00     5.65277E-02     2.90000E+00     1.00000E+00       34     1.59699E+00     3.58692E-02     2.90000E+00     1.00000E+00       45     1.59155E+00     3.50289E-02     2.90000E+00     1.00000E+00  
   C         0.461     0.00000E+00    11.72        1     1.69175E+00     1.07240E-01     2.90000E+00     1.00000E+00       12     1.66758E+00     8.15718E-02     2.90000E+00     1.00000E+00       23     1.63635E+00     5.70065E-02     2.90000E+00     1.00000E+00       34     1.59819E+00     3.62551E-02     2.90000E+00     1.00000E+00       45     1.59272E+00     3.54047E-02     2.90000E+00     1.00000E+00  
   C         0.461     0.00000E+00    12.66        1     1.69293E+00     1.07927E-01     2.90000E+00     1.00000E+00       12     1.66880E+00     8.21828E-02     2.90000E+00     1.00000E+00       23     1.63761E+00     5.75272E-02     2.90000E+00     1.00000E+00       34     1.59949E+00     3.66754E-02     2.90000E+00     1.00000E+00       45     1.59400E+00     3.58139E-02     2.90000E+00     1.00000E+00  
   C         0.461     0.00000E+00    13.59        1     1.69421E+00     1.08668E-01     2.90000E+00     1.00000E+00       12     1.67011E+00     8.28429E-02     2.90000E+00     1.00000E+00       23     1.63897E+00     5.80903E-02     2.90000E+00     1.00000E+00       34     1.60089E+00     3.71305E-02     2.90000E+00     1.00000E+00       45     1.59537E+00     3.62571E-02     2.90000E+00     1.00000E+00  
   C         0.461     0.00000E+00    14.53        1     1.69557E+00     1.09465E-01     2.90000E+00     1.00000E+00       12     1.67152E+00     8.35527E-02     2.90000E+00     1.00000E+00       23     1.64043E+00     5.86964E-02     2.90000E+00     1.00000E+00       34     1.60239E+00     3.76211E-02     2.90000E+00     1.00000E+00       45     1.59684E+00     3.67347E-02     2.90000E+00     1.00000E+00  
   C         0.461     0.00000E+00    15.47        1     1.69703E+00     1.10317E-01     2.90000E+00     1.00000E+00       12     1.67303E+00     8.43126E-02     2.90000E+00     1.00000E+00       23     1.64199E+00     5.93461E-02     2.90000E+00     1.00000E+00       34     1.60399E+00     3.81477E-02     2.90000E+00     1.00000E+00       45     1.59841E+00     3.72473E-02     2.90000E+00     1.00000E+00  
   C         0.461     0.00000E+00    16.41        1     1.69858E+00     1.11226E-01     2.90000E+00     1.00000E+00       12     1.67463E+00     8.51232E-02     2.90000E+00     1.00000E+00       23     1.64364E+00     6.00399E-02     2.90000E+00     1.00000E+00       34     1.60569E+00     3.87111E-02     2.90000E+00     1.00000E+00       45     1.60008E+00     3.77956E-02     2.90000E+00     1.00000E+00  
   C         0.461     0.00000E+00    17.34        1     1.70022E+00     1.12191E-01     2.90000E+00     1.00000E+00       12     1.67633E+00     8.59851E-02     2.90000E+00     1.00000E+00       23     1.64540E+00     6.07785E-02     2.90000E+00     1.00000E+00       34     1.60750E+00     3.93118E-02     2.90000E+00     1.00000E+00       45     1.60185E+00     3.83803E-02     2.90000E+00     1.00000E+00  
   C         0.461     0.00000E+00    18.28        1     1.70196E+00     1.13213E-01     2.90000E+00     1.00000E+00       12     1.67812E+00     8.68988E-02     2.90000E+00     1.00000E+00       23     1.64726E+00     6.15626E-02     2.90000E+00     1.00000E+00       34     1.60941E+00     3.99506E-02     2.90000E+00     1.00000E+00       45     1.60372E+00     3.90020E-02     2.90000E+00     1.00000E+00  
   C         0.461     0.00000E+00    19.22        1     1.70378E+00     1.14292E-01     2.90000E+00     1.00000E+00       12     1.68001E+00     8.78651E-02     2.90000E+00     1.00000E+00       23     1.64921E+00     6.23929E-02     2.90000E+00     1.00000E+00       34     1.61142E+00     4.06284E-02     2.90000E+00     1.00000E+00       45     1.60569E+00     3.96614E-02     2.90000E+00     1.00000E+00  
   C         0.461     0.00000E+00    20.16        1     1.70571E+00     1.15431E-01     2.90000E+00     1.00000E+00       12     1.68200E+00     8.88847E-02     2.90000E+00     1.00000E+00       23     1.65127E+00     6.32702E-02     2.90000E+00     1.00000E+00       34     1.61353E+00     4.13459E-02     2.90000E+00     1.00000E+00       45     1.60776E+00     4.03594E-02     2.90000E+00     1.00000E+00  
   C         0.461     0.00000E+00    21.09        1     1.70772E+00     1.16628E-01     2.90000E+00     1.00000E+00       12     1.68409E+00     8.99581E-02     2.90000E+00     1.00000E+00       23     1.65343E+00     6.41952E-02     2.90000E+00     1.00000E+00       34     1.61575E+00     4.21039E-02     2.90000E+00     1.00000E+00       45     1.60994E+00     4.10968E-02     2.90000E+00     1.00000E+00  
   C         0.461     0.00000E+00    22.03        1     1.70983E+00     1.17884E-01     2.90000E+00     1.00000E+00       12     1.68627E+00     9.10862E-02     2.90000E+00     1.00000E+00       23     1.65568E+00     6.51688E-02     2.90000E+00     1.00000E+00       34     1.61808E+00     4.29034E-02     2.90000E+00     1.00000E+00       45     1.61222E+00     4.18744E-02     2.90000E+00     1.00000E+00  
   C         0.461     0.00000E+00    22.97        1     1.71204E+00     1.19201E-01     2.90000E+00     1.00000E+00       12     1.68855E+00     9.22698E-02     2.90000E+00     1.00000E+00       23     1.65805E+00     6.61919E-02     2.90000E+00     1.00000E+00       34     1.62051E+00     4.37453E-02     2.90000E+00     1.00000E+00       45     1.61460E+00     4.26930E-02     2.90000E+00     1.00000E+00  
   C         0.461     0.00000E+00    23.91        1     1.71434E+00     1.20579E-01     2.90000E+00     1.00000E+00       12     1.69093E+00     9.35096E-02     2.90000E+00     1.00000E+00       23     1.66051E+00     6.72653E-02     2.90000E+00     1.00000E+00       34     1.62304E+00     4.46305E-02     2.90000E+00     1.00000E+00       45     1.61708E+00     4.35537E-02     2.90000E+00     1.00000E+00  
   C         0.461     0.00000E+00    24.84        1     1.71673E+00     1.22018E-01     2.90000E+00     1.00000E+00       12     1.69340E+00     9.48065E-02     2.90000E+00     1.00000E+00       23     1.66307E+00     6.83901E-02     2.90000E+00     1.00000E+00       34     1.62568E+00     4.55601E-02     2.90000E+00     1.00000E+00       45     1.61967E+00     4.44574E-02     2.90000E+00     1.00000E+00  
   C         0.461     0.00000E+00    25.78        1     1.71922E+00     1.23520E-01     2.90000E+00     1.00000E+00       12     1.69598E+00     9.61614E-02     2.90000E+00     1.00000E+00       23     1.66574E+00     6.95671E-02     2.90000E+00     1.00000E+00       34     1.62843E+00     4.65351E-02     2.90000E+00     1.00000E+00       45     1.62236E+00     4.54050E-02     2.90000E+00     1.00000E+00  
   C         0.461     0.00000E+00    26.72        1     1.72181E+00     1.25086E-01     2.90000E+00     1.00000E+00       12     1.69866E+00     9.75751E-02     2.90000E+00     1.00000E+00       23     1.66852E+00     7.07974E-02     2.90000E+00     1.00000E+00       34     1.63128E+00     4.75567E-02     2.90000E+00     1.00000E+00       45     1.62516E+00     4.63977E-02     2.90000E+00     1.00000E+00  
   C         0.461     0.00000E+00    27.66        1     1.72449E+00     1.26715E-01     2.90000E+00     1.00000E+00       12     1.70144E+00     9.90486E-02     2.90000E+00     1.00000E+00       23     1.67139E+00     7.20820E-02     2.90000E+00     1.00000E+00       34     1.63424E+00     4.86258E-02     2.90000E+00     1.00000E+00       45     1.62807E+00     4.74365E-02     2.90000E+00     1.00000E+00  
   C         0.461     0.00000E+00    28.59        1     1.72727E+00     1.28409E-01     2.90000E+00     1.00000E+00       12     1.70431E+00     1.00583E-01     2.90000E+00     1.00000E+00       23     1.67437E+00     7.34221E-02     2.90000E+00     1.00000E+00       34     1.63731E+00     4.97438E-02     2.90000E+00     1.00000E+00       45     1.63108E+00     4.85224E-02     2.90000E+00     1.00000E+00  
   C         0.461     0.00000E+00    29.53        1     1.73015E+00     1.30169E-01     2.90001E+00     1.00000E+00       12     1.70729E+00     1.02179E-01     2.90000E+00     1.00000E+00       23     1.67746E+00     7.48186E-02     2.90000E+00     1.00000E+00       34     1.64049E+00     5.09117E-02     2.90000E+00     1.00000E+00       45     1.63419E+00     4.96567E-02     2.90000E+00     1.00000E+00  
   C         0.461     0.00000E+00    30.47        1     1.73312E+00     1.31995E-01     2.90001E+00     1.00000E+00       12     1.71037E+00     1.03837E-01     2.90000E+00     1.00000E+00       23     1.68066E+00     7.62728E-02     2.90000E+00     1.00000E+00       34     1.64378E+00     5.21308E-02     2.90000E+00     1.00000E+00       45     1.63742E+00     5.08405E-02     2.90000E+00     1.00000E+00  
   C         0.461     0.00000E+00    31.41        1     1.73619E+00     1.33889E-01     2.90001E+00     1.00000E+00       12     1.71355E+00     1.05560E-01     2.90000E+00     1.00000E+00       23     1.68395E+00     7.77858E-02     2.90000E+00     1.00000E+00       34     1.64717E+00     5.34023E-02     2.90000E+00     1.00000E+00       45     1.64075E+00     5.20750E-02     2.90000E+00     1.00000E+00  
   C         0.461     0.00000E+00    32.34        1     1.73936E+00     1.35851E-01     2.90002E+00     1.00000E+00       12     1.71684E+00     1.07347E-01     2.90001E+00     1.00000E+00       23     1.68736E+00     7.93587E-02     2.90000E+00     1.00000E+00       34     1.65068E+00     5.47276E-02     2.90000E+00     1.00000E+00       45     1.64419E+00     5.33614E-02     2.90000E+00     1.00000E+00  
   C         0.461     0.00000E+00    33.28        1     1.74263E+00     1.37882E-01     2.90003E+00     1.00000E+00       12     1.72023E+00     1.09200E-01     2.90001E+00     1.00000E+00       23     1.69088E+00     8.09929E-02     2.90000E+00     1.00000E+00       34     1.65430E+00     5.61080E-02     2.90000E+00     1.00000E+00       45     1.64774E+00     5.47010E-02     2.90000E+00     1.00000E+00  
   C         0.461     0.00000E+00    34.22        1     1.74600E+00     1.39983E-01     2.90005E+00     1.00000E+00       12     1.72372E+00     1.11120E-01     2.90002E+00     1.00000E+00       23     1.69450E+00     8.26896E-02     2.90000E+00     1.00000E+00       34     1.65803E+00     5.75448E-02     2.90000E+00     1.00000E+00       45     1.65140E+00     5.60951E-02     2.90000E+00     1.00000E+00  
   C         0.461     0.00000E+00    35.16        1     1.74947E+00     1.42155E-01     2.90009E+00     1.00000E+00       12     1.72732E+00     1.13108E-01     2.90003E+00     1.00000E+00       23     1.69823E+00     8.44500E-02     2.90001E+00     1.00000E+00       34     1.66188E+00     5.90394E-02     2.90000E+00     1.00000E+00       45     1.65517E+00     5.75450E-02     2.90000E+00     1.00000E+00  
   C         0.461     0.00000E+00    36.09        1     1.75304E+00     1.44400E-01     2.90013E+00     1.00000E+00       12     1.73102E+00     1.15165E-01     2.90005E+00     1.00000E+00       23     1.70208E+00     8.62754E-02     2.90001E+00     1.00000E+00       34     1.66583E+00     6.05932E-02     2.90000E+00     1.00000E+00       45     1.65906E+00     5.90521E-02     2.90000E+00     1.00000E+00  
   C         0.461     0.00000E+00    37.03        1     1.75671E+00     1.46717E-01     2.90021E+00     1.00000E+00       12     1.73482E+00     1.17293E-01     2.90008E+00     1.00000E+00       23     1.70603E+00     8.81671E-02     2.90002E+00     1.00000E+00       34     1.66991E+00     6.22077E-02     2.90001E+00     1.00000E+00       45     1.66305E+00     6.06176E-02     2.90001E+00     1.00000E+00  
   C         0.461     0.00000E+00    37.97        1     1.76048E+00     1.49109E-01     2.90033E+00     1.00000E+00       12     1.73874E+00     1.19492E-01     2.90013E+00     1.00000E+00       23     1.71009E+00     9.01265E-02     2.90004E+00     1.00000E+00       34     1.67409E+00     6.38843E-02     2.90001E+00     1.00000E+00       45     1.66716E+00     6.22431E-02     2.90001E+00     1.00000E+00  
   C         0.461     0.00000E+00    38.91        1     1.76435E+00     1.51575E-01     2.90051E+00     1.00000E+00       12     1.74276E+00     1.21764E-01     2.90021E+00     1.00000E+00       23     1.71427E+00     9.21549E-02     2.90007E+00     1.00000E+00       34     1.67840E+00     6.56244E-02     2.90002E+00     1.00000E+00       45     1.67138E+00     6.39299E-02     2.90002E+00     1.00000E+00  
   C         0.461     0.00000E+00    39.84        1     1.76833E+00     1.54117E-01     2.90078E+00     1.00000E+00       12     1.74688E+00     1.24109E-01     2.90034E+00     1.00000E+00       23     1.71856E+00     9.42537E-02     2.90012E+00     1.00000E+00       34     1.68282E+00     6.74296E-02     2.90003E+00     1.00000E+00       45     1.67572E+00     6.56794E-02     2.90003E+00     1.00000E+00  
   C         0.461     0.00000E+00    40.78        1     1.77241E+00     1.56736E-01     2.90119E+00     1.00000E+00       12     1.75112E+00     1.26530E-01     2.90054E+00     1.00000E+00       23     1.72296E+00     9.64242E-02     2.90020E+00     1.00000E+00       34     1.68736E+00     6.93014E-02     2.90006E+00     1.00000E+00       45     1.68017E+00     6.74931E-02     2.90005E+00     1.00000E+00  
   C         0.461     0.00000E+00    41.72        1     1.77659E+00     1.59432E-01     2.90181E+00     1.00000E+00       12     1.75546E+00     1.29027E-01     2.90086E+00     1.00000E+00       23     1.72748E+00     9.86679E-02     2.90032E+00     1.00000E+00       34     1.69201E+00     7.12414E-02     2.90010E+00     1.00000E+00       45     1.68474E+00     6.93726E-02     2.90009E+00     1.00000E+00  
   C         0.461     0.00000E+00    42.66        1     1.78087E+00     1.62207E-01     2.90273E+00     1.00000E+00       12     1.75992E+00     1.31601E-01     2.90134E+00     1.00000E+00       23     1.73211E+00     1.00986E-01     2.90053E+00     1.00000E+00       34     1.69679E+00     7.32510E-02     2.90017E+00     1.00000E+00       45     1.68943E+00     7.13192E-02     2.90015E+00     1.00000E+00  
   C         0.461     0.00000E+00    43.59        1     1.78527E+00     1.65062E-01     2.90408E+00     1.00000E+00       12     1.76448E+00     1.34254E-01     2.90208E+00     1.00000E+00       23     1.73686E+00     1.03380E-01     2.90086E+00     1.00000E+00       34     1.70169E+00     7.53318E-02     2.90029E+00     1.00000E+00       45     1.69424E+00     7.33345E-02     2.90026E+00     1.00000E+00  
   C         0.461     0.00000E+00    44.53        1     1.78976E+00     1.67998E-01     2.90606E+00     1.00000E+00       12     1.76915E+00     1.36986E-01     2.90321E+00     1.00000E+00       23     1.74172E+00     1.05852E-01     2.90139E+00     1.00000E+00       34     1.70670E+00     7.74854E-02     2.90049E+00     1.00000E+00       45     1.69916E+00     7.54199E-02     2.90043E+00     1.00000E+00  
   C         0.461     0.00000E+00    45.47        1     1.79436E+00     1.71015E-01     2.90892E+00     1.00000E+00       12     1.77394E+00     1.39800E-01     2.90491E+00     1.00000E+00       23     1.74671E+00     1.08402E-01     2.90223E+00     1.00000E+00       34     1.71184E+00     7.97134E-02     2.90083E+00     1.00000E+00       45     1.70421E+00     7.75771E-02     2.90073E+00     1.00000E+00  
   C         0.461     0.00000E+00    46.41        1     1.79907E+00     1.74114E-01     2.91303E+00     1.00000E+00       12     1.77883E+00     1.42695E-01     2.90746E+00     1.00000E+00       23     1.75181E+00     1.11032E-01     2.90354E+00     1.00000E+00       34     1.71711E+00     8.20173E-02     2.90138E+00     1.00000E+00       45     1.70937E+00     7.98075E-02     2.90121E+00     1.00000E+00  
   C         0.461     0.00000E+00    47.34        1     1.80389E+00     1.77296E-01     2.91887E+00     1.00000E+00       12     1.78384E+00     1.45674E-01     2.91123E+00     1.00000E+00       23     1.75703E+00     1.13744E-01     2.90559E+00     1.00000E+00       34     1.72249E+00     8.43988E-02     2.90229E+00     1.00000E+00       45     1.71466E+00     8.21126E-02     2.90201E+00     1.00000E+00  
   C         0.461     0.00000E+00    48.28        1     1.80882E+00     1.80563E-01     2.92711E+00     1.00000E+00       12     1.78897E+00     1.48738E-01     2.91676E+00     1.00000E+00       23     1.76237E+00     1.16539E-01     2.90874E+00     1.00000E+00       34     1.72801E+00     8.68593E-02     2.90376E+00     1.00000E+00       45     1.72007E+00     8.44941E-02     2.90330E+00     1.00000E+00  
   C         0.461     0.00000E+00    49.22        1     1.81385E+00     1.83915E-01     2.93860E+00     1.00000E+00       12     1.79420E+00     1.51886E-01     2.92480E+00     1.00000E+00       23     1.76783E+00     1.19418E-01     2.91355E+00     1.00000E+00       34     1.73365E+00     8.94006E-02     2.90613E+00     1.00000E+00       45     1.72561E+00     8.69534E-02     2.90538E+00     1.00000E+00  
   C         0.461     0.00000E+00    50.16        1     1.81899E+00     1.87352E-01     2.95446E+00     1.00000E+00       12     1.79956E+00     1.55122E-01     2.93635E+00     1.00000E+00       23     1.77342E+00     1.22383E-01     2.92082E+00     1.00000E+00       34     1.73941E+00     9.20242E-02     2.90991E+00     1.00000E+00       45     1.73127E+00     8.94921E-02     2.90872E+00     1.00000E+00  
   C         0.461     0.00000E+00    51.09        1     1.82424E+00     1.90876E-01     2.97615E+00     1.00000E+00       12     1.80502E+00     1.58445E-01     2.95277E+00     1.00000E+00       23     1.77912E+00     1.25435E-01     2.93169E+00     1.00000E+00       34     1.74531E+00     9.47316E-02     2.91589E+00     1.00000E+00       45     1.73706E+00     9.21117E-02     2.91402E+00     1.00000E+00  
   C         0.461     0.00000E+00    52.03        1     1.82960E+00     1.94486E-01     3.00548E+00     1.00000E+00       12     1.81061E+00     1.61857E-01     2.97589E+00     1.00000E+00       23     1.78496E+00     1.28575E-01     2.94776E+00     1.00000E+00       34     1.75133E+00     9.75244E-02     2.92526E+00     1.00000E+00       45     1.74297E+00     9.48137E-02     2.92235E+00     1.00000E+00  
   C         0.461     0.00000E+00    52.97        1     1.83508E+00     1.98185E-01     3.04470E+00     1.00000E+00       12     1.81631E+00     1.65359E-01     3.00804E+00     1.00000E+00       23     1.79091E+00     1.31805E-01     2.97123E+00     1.00000E+00       34     1.75749E+00     1.00404E-01     2.93978E+00     1.00000E+00       45     1.74902E+00     9.75997E-02     2.93534E+00     1.00000E+00  
   C         0.461     0.00000E+00    53.91        1     1.84066E+00     2.01973E-01     3.09656E+00     1.00000E+00       12     1.82213E+00     1.68951E-01     3.05229E+00     1.00000E+00       23     1.79699E+00     1.35126E-01     3.00509E+00     1.00000E+00       34     1.76377E+00     1.03372E-01     2.96207E+00     1.00000E+00       45     1.75519E+00     1.00471E-01     2.95540E+00     1.00000E+00  
   C         0.461     0.00000E+00    54.84        1     1.84636E+00     2.05849E-01     3.16427E+00     1.00000E+00       12     1.82807E+00     1.72636E-01     3.11247E+00     1.00000E+00       23     1.80320E+00     1.38539E-01     3.05333E+00     1.00000E+00       34     1.77019E+00     1.06431E-01     2.99585E+00     1.00000E+00       45     1.76150E+00     1.03429E-01     2.98605E+00     1.00000E+00  
   C         0.461     0.00000E+00    55.78        1     1.85217E+00     2.09815E-01     3.25147E+00     1.00000E+00       12     1.83412E+00     1.76413E-01     3.19332E+00     1.00000E+00       23     1.80954E+00     1.42046E-01     3.12122E+00     1.00000E+00       34     1.77675E+00     1.09581E-01     3.04637E+00     1.00000E+00       45     1.76793E+00     1.06476E-01     3.03232E+00     1.00000E+00  
   C         0.461     0.00000E+00    56.72        1     1.85810E+00     2.13872E-01     3.36214E+00     1.00000E+00       12     1.84030E+00     1.80283E-01     3.30049E+00     1.00000E+00       23     1.81600E+00     1.45647E-01     3.21567E+00     1.00000E+00       34     1.78344E+00     1.12824E-01     3.12084E+00     1.00000E+00       45     1.77450E+00     1.09613E-01     3.10125E+00     1.00000E+00  
   C         0.461     0.00000E+00    57.66        1     1.86414E+00     2.18019E-01     3.50027E+00     1.00000E+00       12     1.84660E+00     1.84248E-01     3.44032E+00     1.00000E+00       23     1.82260E+00     1.49345E-01     3.34569E+00     1.00000E+00       34     1.79026E+00     1.16161E-01     3.22877E+00     1.00000E+00       45     1.78120E+00     1.12841E-01     3.20240E+00     1.00000E+00  
   C         0.461     0.00000E+00    58.59        1     1.87029E+00     2.22257E-01     3.66957E+00     1.00000E+00       12     1.85302E+00     1.88309E-01     3.61938E+00     1.00000E+00       23     1.82932E+00     1.53139E-01     3.52275E+00     1.00000E+00       34     1.79722E+00     1.19595E-01     3.38228E+00     1.00000E+00       45     1.78804E+00     1.16161E-01     3.34828E+00     1.00000E+00  
   C         0.461     0.00000E+00    59.53        1     1.87654E+00     2.26587E-01     3.87315E+00     1.00000E+00       12     1.85954E+00     1.92465E-01     3.84340E+00     1.00000E+00       23     1.83616E+00     1.57032E-01     3.76030E+00     1.00000E+00       34     1.80431E+00     1.23126E-01     3.59588E+00     1.00000E+00       45     1.79501E+00     1.19576E-01     3.55453E+00     1.00000E+00  
   C         0.461     0.00000E+00    60.00        1     1.87960E+00     2.28797E-01     3.90000E+00     1.00000E+00       12     1.86274E+00     1.94589E-01     3.84321E+00     1.00000E+00       23     1.83954E+00     1.59025E-01     3.76009E+00     1.00000E+00       34     1.80786E+00     1.24937E-01     3.71212E+00     1.00000E+00       45     1.79852E+00     1.21327E-01     3.69177E+00     1.00000E+00  
