State         Time      Voltage         csa_NJc    Solution_Pot              c0     Theta_Alpha      Theta_Beta          R_beta         csb_NJc        Position           csa_e           csb_e    Cycle_Number
  CDR        hours        Volts         mol/cm3               V         mol/cm3               ,               ,            rate            conc            node           equiv           equiv               ,
   D       0.28944      2.41582     1.41516E+00     0.00000E+00     1.00000E-03     9.99830E-01     1.69720E-04     6.79467E-05     2.90232E+00     1.00000E+00     1.19071E+00     2.90000E+00     1.00000E+00
   D       0.28944      2.41582     1.41112E+00    -5.32056E-04     9.79338E-04     9.99909E-01     9.13791E-05     4.98748E-05     2.90210E+00     2.00000E+00     1.18669E+00     2.90000E+00     1.00000E+00
   D       0.28944      2.41582     1.40311E+00    -1.61750E-03     9.38911E-04     9.99993E-01     7.25553E-06     1.39450E-05     2.90160E+00     3.00000E+00     1.17872E+00     2.90000E+00     1.00000E+00
   D       0.28944      2.41582     1.39508E+00    -2.72498E-03     8.99384E-04     1.00000E+00     0.00000E+00     0.00000E+00     2.90000E+00     4.00000E+00     1.17076E+00     2.90000E+00     1.00000E+00
   D       0.28944      2.41582     1.38706E+00    -3.85520E-03     8.60763E-04     1.00000E+00     0.00000E+00     0.00000E+00     2.90000E+00     5.00000E+00     1.16279E+00     2.90000E+00     1.00000E+00
   D       0.28944      2.41582     1.37904E+00    -5.00891E-03     8.23049E-04     1.00000E+00     0.00000E+00     0.00000E+00     2.90000E+00     6.00000E+00     1.15483E+00     2.90000E+00     1.00000E+00
   D       0.28944      2.41582     1.37102E+00    -6.18688E-03     7.86248E-04     1.00000E+00     0.00000E+00     0.00000E+00     2.90000E+00     7.00000E+00     1.14687E+00     2.90000E+00     1.00000E+00
   D       0.28944      2.41582     1.36302E+00    -7.38990E-03     7.50364E-04     1.00000E+00     0.00000E+00     0.00000E+00     2.90000E+00     8.00000E+00     1.13891E+00     2.90000E+00     1.00000E+00
   D       0.28944      2.41582     1.35503E+00    -8.61878E-03     7.15398E-04     1.00000E+00     0.00000E+00     0.00000E+00     2.90000E+00     9.00000E+00     1.13095E+00     2.90000E+00     1.00000E+00
   D       0.28944      2.41582     1.34705E+00    -9.87433E-03     6.81357E-04     1.00000E+00     0.00000E+00     0.00000E+00     2.90000E+00     1.00000E+01     1.12298E+00     2.90000E+00     1.00000E+00
   D       0.28944      2.41582     1.33907E+00    -1.11574E-02     6.48243E-04     1.00000E+00     0.00000E+00     0.00000E+00     2.90000E+00     1.10000E+01     1.11500E+00     2.90000E+00     1.00000E+00
   D       0.28944      2.41582     1.33111E+00    -1.24688E-02     6.16060E-04     1.00000E+00     0.00000E+00     0.00000E+00     2.90000E+00     1.20000E+01     1.10702E+00     2.90000E+00     1.00000E+00
   D       0.28944      2.41582     1.32316E+00    -1.38093E-02     5.84813E-04     1.00000E+00     0.00000E+00     0.00000E+00     2.90000E+00     1.30000E+01     1.09902E+00     2.90000E+00     1.00000E+00
   D       0.28944      2.41582     1.31521E+00    -1.51798E-02     5.54506E-04     1.00000E+00     0.00000E+00     0.00000E+00     2.90000E+00     1.40000E+01     1.09102E+00     2.90000E+00     1.00000E+00
   D       0.28944      2.41582     1.30727E+00    -1.65810E-02     5.25144E-04     1.00000E+00     0.00000E+00     0.00000E+00     2.90000E+00     1.50000E+01     1.08300E+00     2.90000E+00     1.00000E+00
   D       0.28944      2.41582     1.29933E+00    -1.80136E-02     4.96731E-04     1.00000E+00     0.00000E+00     0.00000E+00     2.90000E+00     1.60000E+01     1.07496E+00     2.90000E+00     1.00000E+00
   D       0.28944      2.41582     1.29139E+00    -1.94782E-02     4.69271E-04     1.00000E+00     0.00000E+00     0.00000E+00     2.90000E+00     1.70000E+01     1.06691E+00     2.90000E+00     1.00000E+00
   D       0.28944      2.41582     1.28344E+00    -2.09754E-02     4.42771E-04     1.00000E+00     0.00000E+00     0.00000E+00     2.90000E+00     1.80000E+01     1.05885E+00     2.90000E+00     1.00000E+00
   D       0.28944      2.41582     1.27549E+00    -2.25055E-02     4.17234E-04     1.00000E+00     0.00000E+00     0.00000E+00     2.90000E+00     1.90000E+01     1.05078E+00     2.90000E+00     1.00000E+00
   D       0.28944      2.41582     1.26753E+00    -2.40686E-02     3.92667E-04     1.00000E+00     0.00000E+00     0.00000E+00     2.90000E+00     2.00000E+01     1.04270E+00     2.90000E+00     1.00000E+00
   D       0.28944      2.41582     1.25957E+00    -2.56647E-02     3.69074E-04     1.00000E+00     0.00000E+00     0.00000E+00     2.90000E+00     2.10000E+01     1.03463E+00     2.90000E+00     1.00000E+00
   D       0.28944      2.41582     1.25160E+00    -2.72934E-02     3.46461E-04     1.00000E+00     0.00000E+00     0.00000E+00     2.90000E+00     2.20000E+01     1.02657E+00     2.90000E+00     1.00000E+00
   D       0.28944      2.41582     1.24363E+00    -2.89540E-02     3.24833E-04     1.00000E+00     0.00000E+00     0.00000E+00     2.90000E+00     2.30000E+01     1.01854E+00     2.90000E+00     1.00000E+00
   D       0.28944      2.41582     1.23566E+00    -3.06451E-02     3.04196E-04     1.00000E+00     0.00000E+00     0.00000E+00     2.90000E+00     2.40000E+01     1.01055E+00     2.90000E+00     1.00000E+00
   D       0.28944      2.41582     1.22771E+00    -3.23649E-02     2.84554E-04     1.00000E+00     0.00000E+00     0.00000E+00     2.90000E+00     2.50000E+01     1.00264E+00     2.90000E+00     1.00000E+00
   D       0.28944      2.41582     1.21979E+00    -3.41107E-02     2.65912E-04     1.00000E+00     0.00000E+00     0.00000E+00     2.90000E+00     2.60000E+01     9.94820E-01     2.90000E+00     1.00000E+00
   D       0.28944      2.41582     1.21192E+00    -3.58792E-02     2.48275E-04     1.00000E+00     0.00000E+00     0.00000E+00     2.90000E+00     2.70000E+01     9.87143E-01     2.90000E+00     1.00000E+00
   D       0.28944      2.41582     1.20413E+00    -3.76658E-02     2.31648E-04     1.00000E+00     0.00000E+00     0.00000E+00     2.90000E+00     2.80000E+01     9.79652E-01     2.90000E+00     1.00000E+00
   D       0.28944      2.41582     1.19647E+00    -3.94646E-02     2.16032E-04     1.00000E+00     0.00000E+00     0.00000E+00     2.90000E+00     2.90000E+01     9.72404E-01     2.90000E+00     1.00000E+00
   D       0.28944      2.41582     1.18898E+00    -4.12685E-02     2.01431E-04     1.00000E+00     0.00000E+00     0.00000E+00     2.90000E+00     3.00000E+01     9.65470E-01     2.90000E+00     1.00000E+00
   D       0.28944      2.41582     1.18174E+00    -4.30685E-02     1.87847E-04     1.00000E+00     0.00000E+00     0.00000E+00     2.90000E+00     3.10000E+01     9.58930E-01     2.90000E+00     1.00000E+00
   D       0.28944      2.41582     1.17483E+00    -4.48540E-02     1.75280E-04     1.00000E+00     0.00000E+00     0.00000E+00     2.90000E+00     3.20000E+01     9.52883E-01     2.90000E+00     1.00000E+00
   D       0.28944      2.41582     1.16837E+00    -4.66120E-02     1.63729E-04     1.00000E+00     0.00000E+00     0.00000E+00     2.90000E+00     3.30000E+01     9.47439E-01     2.90000E+00     1.00000E+00
   D       0.28944      2.41582     1.16248E+00    -4.83278E-02     1.53192E-04     1.00000E+00     0.00000E+00     0.00000E+00     2.90000E+00     3.40000E+01     9.42724E-01     2.90000E+00     1.00000E+00
   D       0.28944      2.41582     1.15733E+00    -4.99841E-02     1.43665E-04     1.00000E+00     0.00000E+00     0.00000E+00     2.90000E+00     3.50000E+01     9.38878E-01     2.90000E+00     1.00000E+00
   D       0.28944      2.41582     1.15310E+00    -5.15620E-02     1.35143E-04     1.00000E+00     0.00000E+00     0.00000E+00     2.90000E+00     3.60000E+01     9.36051E-01     2.90000E+00     1.00000E+00
   D       0.28944      2.41582     1.14996E+00    -5.30406E-02     1.27617E-04     1.00000E+00     0.00000E+00     0.00000E+00     2.90000E+00     3.70000E+01     9.34400E-01     2.90000E+00     1.00000E+00
   D       0.28944      2.41582     1.14811E+00    -5.43978E-02     1.21080E-04     1.00000E+00     0.00000E+00     0.00000E+00     2.90000E+00     3.80000E+01     9.34081E-01     2.90000E+00     1.00000E+00
   D       0.28944      2.41582     1.14775E+00    -5.56113E-02     1.15520E-04     1.00000E+00     0.00000E+00     0.00000E+00     2.90000E+00     3.90000E+01     9.35247E-01     2.90000E+00     1.00000E+00
   D       0.28944      2.41582     1.14903E+00    -5.66593E-02     1.10925E-04     1.00000E+00     0.00000E+00     0.00000E+00     2.90000E+00     4.00000E+01     9.38032E-01     2.90000E+00     1.00000E+00
   D       0.28944      2.41582     1.15207E+00    -5.75217E-02     1.07282E-04     1.00000E+00     0.00000E+00     0.00000E+00     2.90000E+00     4.10000E+01     9.42543E-01     2.90000E+00     1.00000E+00
   D       0.28944      2.41582     1.15693E+00    -5.81817E-02     1.04575E-04     1.00000E+00     0.00000E+00     0.00000E+00     2.90000E+00     4.20000E+01     9.48851E-01     2.90000E+00     1.00000E+00
   D       0.28944      2.41582     1.16363E+00    -5.86269E-02     1.02788E-04     1.00000E+00     0.00000E+00     0.00000E+00     2.90000E+00     4.30000E+01     9.56976E-01     2.90000E+00     1.00000E+00
   D       0.28944      2.41582     1.17211E+00    -5.88500E-02     1.01904E-04     1.00000E+00     0.00000E+00     0.00000E+00     2.90000E+00     4.40000E+01     9.66886E-01     2.90000E+00     1.00000E+00
   D       0.28944      2.41582     1.17723E+00    -5.88500E-02     1.01904E-04     1.00000E+00     0.00000E+00     0.00000E+00     2.90000E+00     4.50000E+01     9.72724E-01     2.90000E+00     1.00000E+00
   C       0.46051      2.00254     1.87960E+00     0.00000E+00     1.00000E-03     7.71203E-01     2.28797E-01     1.65853E-03     3.90000E+00     1.00000E+00     1.73011E+00     2.91530E+00     1.00000E+00
   C       0.46051      2.00254     1.87885E+00     5.32056E-04     9.79656E-04     7.72878E-01     2.27122E-01     1.65955E-03     3.87349E+00     2.00000E+00     1.72803E+00     2.91212E+00     1.00000E+00
   C       0.46051      2.00254     1.87736E+00     1.61001E-03     9.39320E-04     7.76188E-01     2.23812E-01     1.66148E-03     3.87144E+00     3.00000E+00     1.72389E+00     2.91176E+00     1.00000E+00
   C       0.46051      2.00254     1.87585E+00     2.70279E-03     8.99757E-04     7.79482E-01     2.20518E-01     1.66324E-03     3.86922E+00     4.00000E+00     1.71975E+00     2.91141E+00     1.00000E+00
   C       0.46051      2.00254     1.87432E+00     3.81168E-03     8.61030E-04     7.82759E-01     2.17241E-01     1.66486E-03     3.86682E+00     5.00000E+00     1.71560E+00     2.91107E+00     1.00000E+00
   C       0.46051      2.00254     1.87276E+00     4.93807E-03     8.23150E-04     7.86023E-01     2.13977E-01     1.66631E-03     3.86422E+00     6.00000E+00     1.71144E+00     2.91074E+00     1.00000E+00
   C       0.46051      2.00254     1.87118E+00     6.08340E-03     7.86126E-04     7.89275E-01     2.10725E-01     1.66759E-03     3.86140E+00     7.00000E+00     1.70727E+00     2.91042E+00     1.00000E+00
   C       0.46051      2.00254     1.86956E+00     7.24921E-03     7.49965E-04     7.92516E-01     2.07484E-01     1.66870E-03     3.85835E+00     8.00000E+00     1.70308E+00     2.91012E+00     1.00000E+00
   C       0.46051      2.00254     1.86791E+00     8.43714E-03     7.14671E-04     7.95748E-01     2.04252E-01     1.66962E-03     3.85503E+00     9.00000E+00     1.69887E+00     2.90981E+00     1.00000E+00
   C       0.46051      2.00254     1.86623E+00     9.64889E-03     6.80252E-04     7.98974E-01     2.01026E-01     1.67036E-03     3.85142E+00     1.00000E+01     1.69464E+00     2.90952E+00     1.00000E+00
   C       0.46051      2.00254     1.86451E+00     1.08863E-02     6.46714E-04     8.02194E-01     1.97806E-01     1.67089E-03     3.84749E+00     1.10000E+01     1.69038E+00     2.90923E+00     1.00000E+00
   C       0.46051      2.00254     1.86274E+00     1.21512E-02     6.14064E-04     8.05411E-01     1.94589E-01     1.67122E-03     3.84321E+00     1.20000E+01     1.68609E+00     2.90895E+00     1.00000E+00
   C       0.46051      2.00254     1.86093E+00     1.34457E-02     5.82308E-04     8.08625E-01     1.91375E-01     1.67133E-03     3.83855E+00     1.30000E+01     1.68176E+00     2.90868E+00     1.00000E+00
   C       0.46051      2.00254     1.85907E+00     1.47719E-02     5.51453E-04     8.11840E-01     1.88160E-01     1.67120E-03     3.83345E+00     1.40000E+01     1.67740E+00     2.90841E+00     1.00000E+00
   C       0.46051      2.00254     1.85716E+00     1.61321E-02     5.21505E-04     8.15057E-01     1.84943E-01     1.67084E-03     3.82789E+00     1.50000E+01     1.67299E+00     2.90814E+00     1.00000E+00
   C       0.46051      2.00254     1.85519E+00     1.75287E-02     4.92471E-04     8.18276E-01     1.81724E-01     1.67022E-03     3.82181E+00     1.60000E+01     1.66854E+00     2.90788E+00     1.00000E+00
   C       0.46051      2.00254     1.85317E+00     1.89644E-02     4.64357E-04     8.21500E-01     1.78500E-01     1.66933E-03     3.81516E+00     1.70000E+01     1.66404E+00     2.90763E+00     1.00000E+00
   C       0.46051      2.00254     1.85108E+00     2.04418E-02     4.37171E-04     8.24730E-01     1.75270E-01     1.66816E-03     3.80788E+00     1.80000E+01     1.65949E+00     2.90737E+00     1.00000E+00
   C       0.46051      2.00254     1.84892E+00     2.19641E-02     4.10919E-04     8.27966E-01     1.72034E-01     1.66669E-03     3.79992E+00     1.90000E+01     1.65487E+00     2.90712E+00     1.00000E+00
   C       0.46051      2.00254     1.84669E+00     2.35341E-02     3.85607E-04     8.31209E-01     1.68791E-01     1.66492E-03     3.79122E+00     2.00000E+01     1.65021E+00     2.90688E+00     1.00000E+00
   C       0.46051      2.00254     1.84439E+00     2.51554E-02     3.61243E-04     8.34458E-01     1.65542E-01     1.66281E-03     3.78172E+00     2.10000E+01     1.64547E+00     2.90663E+00     1.00000E+00
   C       0.46051      2.00254     1.84200E+00     2.68314E-02     3.37833E-04     8.37714E-01     1.62286E-01     1.66035E-03     3.77136E+00     2.20000E+01     1.64068E+00     2.90639E+00     1.00000E+00
   C       0.46051      2.00254     1.83954E+00     2.85658E-02     3.15383E-04     8.40975E-01     1.59025E-01     1.65752E-03     3.76009E+00     2.30000E+01     1.63583E+00     2.90616E+00     1.00000E+00
   C       0.46051      2.00254     1.83700E+00     3.03627E-02     2.93901E-04     8.44238E-01     1.55762E-01     1.65432E-03     3.74787E+00     2.40000E+01     1.63091E+00     2.90593E+00     1.00000E+00
   C       0.46051      2.00254     1.83437E+00     3.22261E-02     2.73394E-04     8.47499E-01     1.52501E-01     1.65071E-03     3.73469E+00     2.50000E+01     1.62594E+00     2.90570E+00     1.00000E+00
   C       0.46051      2.00254     1.83165E+00     3.41604E-02     2.53866E-04     8.50753E-01     1.49247E-01     1.64670E-03     3.72056E+00     2.60000E+01     1.62092E+00     2.90547E+00     1.00000E+00
   C       0.46051      2.00254     1.82886E+00     3.61699E-02     2.35325E-04     8.53994E-01     1.46006E-01     1.64227E-03     3.70551E+00     2.70000E+01     1.61586E+00     2.90525E+00     1.00000E+00
   C       0.46051      2.00254     1.82598E+00     3.82592E-02     2.17778E-04     8.57211E-01     1.42789E-01     1.63741E-03     3.68966E+00     2.80000E+01     1.61077E+00     2.90504E+00     1.00000E+00
   C       0.46051      2.00254     1.82304E+00     4.04325E-02     2.01229E-04     8.60393E-01     1.39607E-01     1.63213E-03     3.67316E+00     2.90000E+01     1.60568E+00     2.90483E+00     1.00000E+00
   C       0.46051      2.00254     1.82004E+00     4.26942E-02     1.85686E-04     8.63524E-01     1.36476E-01     1.62644E-03     3.65630E+00     3.00000E+01     1.60060E+00     2.90462E+00     1.00000E+00
   C       0.46051      2.00254     1.81699E+00     4.50478E-02     1.71153E-04     8.66583E-01     1.33417E-01     1.62037E-03     3.63947E+00     3.10000E+01     1.59557E+00     2.90443E+00     1.00000E+00
   C       0.46051      2.00254     1.81392E+00     4.74963E-02     1.57640E-04     8.69548E-01     1.30452E-01     1.61395E-03     3.62323E+00     3.20000E+01     1.59064E+00     2.90425E+00     1.00000E+00
   C       0.46051      2.00254     1.81087E+00     5.00413E-02     1.45169E-04     8.72386E-01     1.27614E-01     1.60726E-03     3.64941E+00     3.30000E+01     1.58586E+00     2.90407E+00     1.00000E+00
   C       0.46051      2.00254     1.80786E+00     5.26576E-02     1.33742E-04     8.75063E-01     1.24937E-01     1.60039E-03     3.71212E+00     3.40000E+01     1.58129E+00     2.90388E+00     1.00000E+00
   C       0.46051      2.00254     1.80495E+00     5.52867E-02     1.23329E-04     8.77535E-01     1.22465E-01     1.59347E-03     3.71222E+00     3.50000E+01     1.57703E+00     2.90370E+00     1.00000E+00
   C       0.46051      2.00254     1.80221E+00     5.78978E-02     1.13952E-04     8.79750E-01     1.20250E-01     1.58669E-03     3.70471E+00     3.60000E+01     1.57316E+00     2.90354E+00     1.00000E+00
   C       0.46051      2.00254     1.79972E+00     6.04572E-02     1.05621E-04     8.81649E-01     1.18351E-01     1.58024E-03     3.69546E+00     3.70000E+01     1.56981E+00     2.90340E+00     1.00000E+00
   C       0.46051      2.00254     1.79755E+00     6.29239E-02     9.83397E-05     8.83168E-01     1.16832E-01     1.57439E-03     3.68638E+00     3.80000E+01     1.56710E+00     2.90328E+00     1.00000E+00
   C       0.46051      2.00254     1.79582E+00     6.52482E-02     9.21085E-05     8.84235E-01     1.15765E-01     1.56942E-03     3.67859E+00     3.90000E+01     1.56518E+00     2.90319E+00     1.00000E+00
   C       0.46051      2.00254     1.79462E+00     6.73707E-02     8.69279E-05     8.84772E-01     1.15228E-01     1.56564E-03     3.67303E+00     4.00000E+01     1.56418E+00     2.90314E+00     1.00000E+00
   C       0.46051      2.00254     1.79408E+00     6.92229E-02     8.27966E-05     8.84706E-01     1.15294E-01     1.56336E-03     3.67045E+00     4.10000E+01     1.56426E+00     2.90313E+00     1.00000E+00
   C       0.46051      2.00254     1.79427E+00     7.07294E-02     7.97123E-05     8.83963E-01     1.16037E-01     1.56281E-03     3.67147E+00     4.20000E+01     1.56553E+00     2.90317E+00     1.00000E+00
   C       0.46051      2.00254     1.79528E+00     7.18104E-02     7.76711E-05     8.82481E-01     1.17519E-01     1.56419E-03     3.67645E+00     4.30000E+01     1.56809E+00     2.90325E+00     1.00000E+00
   C       0.46051      2.00254     1.79715E+00     7.23871E-02     7.66650E-05     8.80212E-01     1.19788E-01     1.56756E-03     3.68542E+00     4.40000E+01     1.57200E+00     2.90339E+00     1.00000E+00
   C       0.46051      2.00254     1.79852E+00     7.23871E-02     7.66650E-05     8.78673E-01     1.21327E-01     1.57021E-03     3.69177E+00     4.50000E+01     1.57464E+00     2.90349E+00     1.00000E+00
