State         Time      Voltage         mAh_exp         csa_NJc    Cycle_Number         fail_id     Theta_Alpha Theta_Beta_edge         csb_NJc      Theta_Beta
  CDR        hours        Volts             mAh         mol/cm3               ,               .               ,               ,            conc
   D       0.00000      3.55000     0.00000E+00     9.13526E-07     1.00000E+00     0.00000E+00     1.00000E+00     0.00000E+00     2.90000E+00     0.00000E+00
   D       0.00278      3.27238     2.77918E-02     9.21200E-02     1.00000E+00     0.00000E+00     1.00000E+00     0.00000E+00     2.90000E+00     0.00000E+00
   D       0.00556      3.22006     5.55836E-02     1.21755E-01     1.00000E+00     0.00000E+00     1.00000E+00     0.00000E+00     2.90000E+00     0.00000E+00
   D       0.00834      3.17986     8.33754E-02     1.45104E-01     1.00000E+00     0.00000E+00     1.00000E+00     0.00000E+00     2.90000E+00     0.00000E+00
   D       0.01112      3.14649     1.11167E-01     1.63234E-01     1.00000E+00     0.00000E+00     1.00000E+00     0.00000E+00     2.90000E+00     0.00000E+00
   D       0.01390      3.11508     1.38959E-01     1.78057E-01     1.00000E+00     0.00000E+00     1.00000E+00     0.00000E+00     2.90000E+00     0.00000E+00
   D       0.01669      3.08311     1.66751E-01     1.91145E-01     1.00000E+00     0.00000E+00     1.00000E+00     0.00000E+00     2.90000E+00     0.00000E+00
   D       0.01947      3.04966     1.94543E-01     2.03349E-01     1.00000E+00     0.00000E+00     1.00000E+00     0.00000E+00     2.90000E+00     0.00000E+00
   D       0.02225      3.01472     2.22334E-01     2.15066E-01     1.00000E+00     0.00000E+00     1.00000E+00     0.00000E+00     2.90000E+00     0.00000E+00
   D       0.02503      2.97867     2.50126E-01     2.26466E-01     1.00000E+00     0.00000E+00     1.00000E+00     0.00000E+00     2.90000E+00     0.00000E+00
   D       0.02781      2.94210     2.77918E-01     2.37629E-01     1.00000E+00     0.00000E+00     1.00000E+00     0.00000E+00     2.90000E+00     0.00000E+00
   D       0.03059      2.90564     3.05710E-01     2.48600E-01     1.00000E+00     0.00000E+00     1.00000E+00     0.00000E+00     2.90000E+00     0.00000E+00
   D       0.03337      2.86993     3.33502E-01     2.59410E-01     1.00000E+00     0.00000E+00     1.00000E+00     0.00000E+00     2.90000E+00     0.00000E+00
   D       0.03615      2.83556     3.61293E-01     2.70077E-01     1.00000E+00     0.00000E+00     1.00000E+00     0.00000E+00     2.90000E+00     0.00000E+00
   D       0.03893      2.80304     3.89085E-01     2.80612E-01     1.00000E+00     0.00000E+00     1.00000E+00     0.00000E+00     2.90000E+00     0.00000E+00
   D       0.04171      2.77282     4.16877E-01     2.91017E-01     1.00000E+00     0.00000E+00     1.00000E+00     0.00000E+00     2.90000E+00     0.00000E+00
   D       0.04450      2.74527     4.44669E-01     3.01290E-01     1.00000E+00     0.00000E+00     1.00000E+00     0.00000E+00     2.90000E+00     0.00000E+00
   D       0.04728      2.72064     4.72461E-01     3.11419E-01     1.00000E+00     0.00000E+00     1.00000E+00     0.00000E+00     2.90000E+00     0.00000E+00
   D       0.05006      2.69910     5.00252E-01     3.21387E-01     1.00000E+00     0.00000E+00     1.00000E+00     0.00000E+00     2.90000E+00     0.00000E+00
   D       0.05284      2.68074     5.28044E-01     3.31170E-01     1.00000E+00     0.00000E+00     1.00000E+00     0.00000E+00     2.90000E+00     0.00000E+00
   D       0.05562      2.66556     5.55836E-01     3.40741E-01     1.00000E+00     0.00000E+00     1.00000E+00     0.00000E+00     2.90000E+00     0.00000E+00
   D       0.05840      2.65345     5.83628E-01     3.50073E-01     1.00000E+00     0.00000E+00     1.00000E+00     0.00000E+00     2.90000E+00     0.00000E+00
   D       0.06118      2.64422     6.11420E-01     3.59155E-01     1.00000E+00     0.00000E+00     1.00000E+00     0.00000E+00     2.90000E+00     0.00000E+00
   D       0.06396      2.63751     6.39211E-01     3.68025E-01     1.00000E+00     0.00000E+00     1.00000E+00     0.00000E+00     2.90000E+00     0.00000E+00
   D       0.06674      2.63270     6.67003E-01     3.76831E-01     1.00000E+00     0.00000E+00     1.00000E+00     0.00000E+00     2.90000E+00     0.00000E+00
   D       0.06952      2.62908     6.94795E-01     3.85816E-01     1.00000E+00     0.00000E+00     1.00000E+00     0.00000E+00     2.90000E+00     0.00000E+00
   D       0.07231      2.62618     7.22587E-01     3.95218E-01     1.00000E+00     0.00000E+00     1.00000E+00     0.00000E+00     2.90000E+00     0.00000E+00
   D       0.07509      2.62376     7.50378E-01     4.05206E-01     1.00000E+00     0.00000E+00     1.00000E+00     0.00000E+00     2.90000E+00     0.00000E+00
   D       0.07787      2.62168     7.78170E-01     4.15883E-01     1.00000E+00     0.00000E+00     1.00000E+00     0.00000E+00     2.90000E+00     0.00000E+00
   D       0.08065      2.61986     8.05962E-01     4.27278E-01     1.00000E+00     0.00000E+00     1.00000E+00     0.00000E+00     2.90000E+00     0.00000E+00
   D       0.08343      2.61822     8.33754E-01     4.39316E-01     1.00000E+00     0.00000E+00     1.00000E+00     0.00000E+00     2.90000E+00     0.00000E+00
   D       0.08621      2.61671     8.61546E-01     4.51791E-01     1.00000E+00     0.00000E+00     1.00000E+00     0.00000E+00     2.90000E+00     0.00000E+00
   D       0.08899      2.61527     8.89337E-01     4.64375E-01     1.00000E+00     0.00000E+00     1.00000E+00     0.00000E+00     2.90000E+00     0.00000E+00
   D       0.09177      2.61383     9.17129E-01     4.76705E-01     1.00000E+00     0.00000E+00     1.00000E+00     0.00000E+00     2.90000E+00     0.00000E+00
   D       0.09455      2.61236     9.44921E-01     4.88494E-01     1.00000E+00     0.00000E+00     1.00000E+00     0.00000E+00     2.90000E+00     0.00000E+00
   D       0.09733      2.61081     9.72713E-01     4.99603E-01     1.00000E+00     0.00000E+00     1.00000E+00     0.00000E+00     2.90000E+00     0.00000E+00
   D       0.10012      2.60916     1.00050E+00     5.10035E-01     1.00000E+00     0.00000E+00     1.00000E+00     0.00000E+00     2.90000E+00     0.00000E+00
   D       0.10290      2.60739     1.02830E+00     5.19884E-01     1.00000E+00     0.00000E+00     1.00000E+00     0.00000E+00     2.90000E+00     0.00000E+00
   D       0.10568      2.60551     1.05609E+00     5.29286E-01     1.00000E+00     0.00000E+00     1.00000E+00     0.00000E+00     2.90000E+00     0.00000E+00
   D       0.10846      2.60352     1.08388E+00     5.38380E-01     1.00000E+00     0.00000E+00     1.00000E+00     0.00000E+00     2.90000E+00     0.00000E+00
   D       0.11124      2.60143     1.11167E+00     5.47293E-01     1.00000E+00     0.00000E+00     1.00000E+00     0.00000E+00     2.90000E+00     0.00000E+00
   D       0.11402      2.59925     1.13946E+00     5.56128E-01     1.00000E+00     0.00000E+00     1.00000E+00     0.00000E+00     2.90000E+00     0.00000E+00
   D       0.11680      2.59702     1.16726E+00     5.64965E-01     1.00000E+00     0.00000E+00     1.00000E+00     0.00000E+00     2.90000E+00     0.00000E+00
   D       0.11958      2.59473     1.19505E+00     5.73865E-01     1.00000E+00     0.00000E+00     1.00000E+00     0.00000E+00     2.90000E+00     0.00000E+00
   D       0.12236      2.59243     1.22284E+00     5.82870E-01     1.00000E+00     0.00000E+00     1.00000E+00     0.00000E+00     2.90000E+00     0.00000E+00
   D       0.12514      2.59010     1.25063E+00     5.92010E-01     1.00000E+00     0.00000E+00     1.00000E+00     0.00000E+00     2.90000E+00     0.00000E+00
   D       0.12793      2.58778     1.27842E+00     6.01306E-01     1.00000E+00     0.00000E+00     1.00000E+00     0.00000E+00     2.90000E+00     0.00000E+00
   D       0.13071      2.58546     1.30621E+00     6.10769E-01     1.00000E+00     0.00000E+00     1.00000E+00     0.00000E+00     2.90000E+00     0.00000E+00
   D       0.13349      2.58317     1.33401E+00     6.20409E-01     1.00000E+00     0.00000E+00     1.00000E+00     0.00000E+00     2.90000E+00     0.00000E+00
   D       0.13627      2.58089     1.36180E+00     6.30226E-01     1.00000E+00     0.00000E+00     1.00000E+00     0.00000E+00     2.90000E+00     0.00000E+00
   D       0.13905      2.57863     1.38959E+00     6.40217E-01     1.00000E+00     0.00000E+00     1.00000E+00     0.00000E+00     2.90000E+00     0.00000E+00
   D       0.14183      2.57640     1.41738E+00     6.50372E-01     1.00000E+00     0.00000E+00     1.00000E+00     0.00000E+00     2.90000E+00     0.00000E+00
   D       0.14461      2.57420     1.44517E+00     6.60673E-01     1.00000E+00     0.00000E+00     1.00000E+00     0.00000E+00     2.90000E+00     0.00000E+00
   D       0.14739      2.57202     1.47297E+00     6.71093E-01     1.00000E+00     0.00000E+00     1.00000E+00     0.00000E+00     2.90000E+00     0.00000E+00
   D       0.15017      2.56987     1.50076E+00     6.81598E-01     1.00000E+00     0.00000E+00     1.00000E+00     0.00000E+00     2.90000E+00     0.00000E+00
   D       0.15295      2.56775     1.52855E+00     6.92146E-01     1.00000E+00     0.00000E+00     1.00000E+00     0.00000E+00     2.90000E+00     0.00000E+00
   D       0.15574      2.56564     1.55634E+00     7.02690E-01     1.00000E+00     0.00000E+00     1.00000E+00     0.00000E+00     2.90000E+00     0.00000E+00
   D       0.15852      2.56354     1.58413E+00     7.13182E-01     1.00000E+00     0.00000E+00     1.00000E+00     0.00000E+00     2.90000E+00     0.00000E+00
   D       0.16130      2.56146     1.61192E+00     7.23579E-01     1.00000E+00     0.00000E+00     1.00000E+00     0.00000E+00     2.90000E+00     0.00000E+00
   D       0.16408      2.55939     1.63972E+00     7.33844E-01     1.00000E+00     0.00000E+00     1.00000E+00     0.00000E+00     2.90000E+00     0.00000E+00
   D       0.16686      2.55732     1.66751E+00     7.43954E-01     1.00000E+00     0.00000E+00     1.00000E+00     0.00000E+00     2.90000E+00     0.00000E+00
   D       0.16964      2.55524     1.69530E+00     7.53900E-01     1.00000E+00     0.00000E+00     1.00000E+00     0.00000E+00     2.90000E+00     0.00000E+00
   D       0.17242      2.55315     1.72309E+00     7.63682E-01     1.00000E+00     0.00000E+00     1.00000E+00     0.00000E+00     2.90000E+00     0.00000E+00
   D       0.17520      2.55105     1.75088E+00     7.73316E-01     1.00000E+00     0.00000E+00     1.00000E+00     0.00000E+00     2.90000E+00     0.00000E+00
   D       0.17798      2.54892     1.77867E+00     7.82823E-01     1.00000E+00     0.00000E+00     1.00000E+00     0.00000E+00     2.90000E+00     0.00000E+00
   D       0.18076      2.54676     1.80647E+00     7.92230E-01     1.00000E+00     0.00000E+00     1.00000E+00     0.00000E+00     2.90000E+00     0.00000E+00
   D       0.18355      2.54457     1.83426E+00     8.01569E-01     1.00000E+00     0.00000E+00     1.00000E+00     0.00000E+00     2.90000E+00     0.00000E+00
   D       0.18633      2.54233     1.86205E+00     8.10868E-01     1.00000E+00     0.00000E+00     1.00000E+00     0.00000E+00     2.90000E+00     0.00000E+00
   D       0.18911      2.54005     1.88984E+00     8.20157E-01     1.00000E+00     0.00000E+00     1.00000E+00     0.00000E+00     2.90000E+00     0.00000E+00
   D       0.19189      2.53772     1.91763E+00     8.29462E-01     1.00000E+00     0.00000E+00     1.00000E+00     0.00000E+00     2.90000E+00     0.00000E+00
   D       0.19467      2.53534     1.94543E+00     8.38804E-01     1.00000E+00     0.00000E+00     1.00000E+00     0.00000E+00     2.90000E+00     0.00000E+00
   D       0.19745      2.53292     1.97322E+00     8.48204E-01     1.00000E+00     0.00000E+00     1.00000E+00     0.00000E+00     2.90000E+00     0.00000E+00
   D       0.20023      2.53044     2.00101E+00     8.57677E-01     1.00000E+00     0.00000E+00     1.00000E+00     0.00000E+00     2.90000E+00     0.00000E+00
   D       0.20301      2.52792     2.02880E+00     8.67238E-01     1.00000E+00     0.00000E+00     1.00000E+00     0.00000E+00     2.90000E+00     0.00000E+00
   D       0.20579      2.52536     2.05659E+00     8.76897E-01     1.00000E+00     0.00000E+00     1.00000E+00     0.00000E+00     2.90000E+00     0.00000E+00
   D       0.20857      2.52275     2.08438E+00     8.86663E-01     1.00000E+00     0.00000E+00     1.00000E+00     0.00000E+00     2.90000E+00     0.00000E+00
   D       0.21136      2.52010     2.11218E+00     8.96542E-01     1.00000E+00     0.00000E+00     1.00000E+00     0.00000E+00     2.90000E+00     0.00000E+00
   D       0.21414      2.51740     2.13997E+00     9.06537E-01     1.00000E+00     0.00000E+00     1.00000E+00     0.00000E+00     2.90000E+00     0.00000E+00
   D       0.21692      2.51466     2.16776E+00     9.16648E-01     1.00000E+00     0.00000E+00     1.00000E+00     0.00000E+00     2.90000E+00     0.00000E+00
   D       0.21970      2.51188     2.19555E+00     9.26871E-01     1.00000E+00     0.00000E+00     1.00000E+00     0.00000E+00     2.90000E+00     0.00000E+00
   D       0.22248      2.50905     2.22334E+00     9.37198E-01     1.00000E+00     0.00000E+00     1.00000E+00     0.00000E+00     2.90000E+00     0.00000E+00
   D       0.22526      2.50616     2.25114E+00     9.47616E-01     1.00000E+00     0.00000E+00     1.00000E+00     0.00000E+00     2.90000E+00     0.00000E+00
   D       0.22804      2.50322     2.27893E+00     9.58104E-01     1.00000E+00     0.00000E+00     1.00000E+00     0.00000E+00     2.90000E+00     0.00000E+00
   D       0.23082      2.50023     2.30672E+00     9.68638E-01     1.00000E+00     0.00000E+00     1.00000E+00     0.00000E+00     2.90000E+00     0.00000E+00
   D       0.23362      2.49719     2.33466E+00     9.79222E-01     1.00000E+00     0.00000E+00     1.00000E+00     0.00000E+00     2.90000E+00     0.00000E+00
   D       0.23641      2.49405     2.36256E+00     9.89783E-01     1.00000E+00     0.00000E+00     1.00000E+00     0.00000E+00     2.90000E+00     0.00000E+00
   D       0.23920      2.49082     2.39045E+00     1.00029E+00     1.00000E+00     0.00000E+00     1.00000E+00     0.00000E+00     2.90000E+00     0.00000E+00
   D       0.24199      2.48750     2.41835E+00     1.01072E+00     1.00000E+00     0.00000E+00     1.00000E+00     0.00000E+00     2.90000E+00     0.00000E+00
   D       0.24478      2.48409     2.44624E+00     1.02104E+00     1.00000E+00     0.00000E+00     1.00000E+00     0.00000E+00     2.90000E+00     0.00000E+00
   D       0.24757      2.48057     2.47414E+00     1.03123E+00     1.00000E+00     0.00000E+00     1.00000E+00     0.00000E+00     2.90000E+00     0.00000E+00
   D       0.25037      2.47695     2.50203E+00     1.04128E+00     1.00000E+00     0.00000E+00     1.00000E+00     0.00000E+00     2.90000E+00     0.00000E+00
   D       0.25316      2.47321     2.52992E+00     1.05120E+00     1.00000E+00     0.00000E+00     1.00000E+00     0.00000E+00     2.90000E+00     0.00000E+00
   D       0.25595      2.46936     2.55782E+00     1.06099E+00     1.00000E+00     0.00000E+00     1.00000E+00     0.00000E+00     2.90000E+00     0.00000E+00
   D       0.25874      2.46538     2.58571E+00     1.07067E+00     1.00000E+00     0.00000E+00     1.00000E+00     0.00000E+00     2.90000E+00     0.00000E+00
   D       0.26153      2.46129     2.61361E+00     1.08028E+00     1.00000E+00     0.00000E+00     1.00000E+00     0.00000E+00     2.90000E+00     0.00000E+00
   D       0.26432      2.45709     2.64150E+00     1.08984E+00     1.00000E+00     0.00000E+00     1.00000E+00     0.00000E+00     2.90000E+00     0.00000E+00
   D       0.26711      2.45278     2.66939E+00     1.09938E+00     1.00000E+00     0.00000E+00     1.00000E+00     0.00000E+00     2.90000E+00     0.00000E+00
   D       0.26990      2.44838     2.69729E+00     1.10892E+00     1.00000E+00     0.00000E+00     1.00000E+00     0.00000E+00     2.90000E+00     0.00000E+00
   D       0.27270      2.44389     2.72518E+00     1.11849E+00     1.00000E+00     0.00000E+00     1.00000E+00     0.00000E+00     2.90000E+00     0.00000E+00
   D       0.27549      2.43932     2.75308E+00     1.12811E+00     1.00000E+00     0.00000E+00     1.00000E+00     0.00000E+00     2.90000E+00     0.00000E+00
   D       0.27828      2.43469     2.78097E+00     1.13779E+00     1.00000E+00     0.00000E+00     1.00000E+00     0.00000E+00     2.90000E+00     0.00000E+00
   D       0.28107      2.43002     2.80887E+00     1.14754E+00     1.00000E+00     0.00000E+00     1.00000E+00     0.00000E+00     2.90000E+00     0.00000E+00
   D       0.28386      2.42531     2.83676E+00     1.15736E+00     1.00000E+00     0.00000E+00     1.00000E+00     0.00000E+00     2.90000E+00     0.00000E+00
   D       0.28665      2.42058     2.86465E+00     1.16726E+00     1.00000E+00     0.00000E+00     1.00000E+00     0.00000E+00     2.90000E+00     3.53533E-07
   D       0.28944      2.41582     2.89255E+00     1.17723E+00     1.00000E+00     0.00000E+00     1.00000E+00     0.00000E+00     2.90000E+00     5.96345E-06
   D       0.29223      2.41106     2.92044E+00     1.18728E+00     1.00000E+00     0.00000E+00     1.00000E+00     0.00000E+00     2.90000E+00     2.21984E-05
   D       0.29503      2.40630     2.94834E+00     1.19739E+00     1.00000E+00     0.00000E+00     1.00000E+00     0.00000E+00     2.90000E+00     5.38809E-05
   D       0.29782      2.40154     2.97623E+00     1.20756E+00     1.00000E+00     0.00000E+00     1.00000E+00     0.00000E+00     2.90000E+00     1.06005E-04
   D       0.30061      2.39678     3.00412E+00     1.21780E+00     1.00000E+00     0.00000E+00     1.00000E+00     0.00000E+00     2.90000E+00     1.83462E-04
   D       0.30340      2.39202     3.03202E+00     1.22809E+00     1.00000E+00     0.00000E+00     1.00000E+00     0.00000E+00     2.90000E+00     2.91065E-04
   D       0.30619      2.38727     3.05991E+00     1.23842E+00     1.00000E+00     0.00000E+00     1.00000E+00     0.00000E+00     2.90000E+00     4.33765E-04
   D       0.30898      2.38251     3.08781E+00     1.24881E+00     1.00000E+00     0.00000E+00     1.00000E+00     0.00000E+00     2.90000E+00     6.16292E-04
   D       0.31177      2.37775     3.11570E+00     1.25924E+00     1.00000E+00     0.00000E+00     1.00000E+00     0.00000E+00     2.90000E+00     8.43390E-04
   D       0.31456      2.37298     3.14360E+00     1.26971E+00     1.00000E+00     0.00000E+00     1.00000E+00     0.00000E+00     2.90000E+00     1.11982E-03
   D       0.31736      2.36820     3.17149E+00     1.28022E+00     1.00000E+00     0.00000E+00     1.00000E+00     0.00000E+00     2.90000E+00     1.45013E-03
   D       0.32015      2.36340     3.19938E+00     1.29077E+00     1.00000E+00     0.00000E+00     1.00000E+00     0.00000E+00     2.90000E+00     1.83901E-03
   D       0.32294      2.35858     3.22728E+00     1.30136E+00     1.00000E+00     0.00000E+00     1.00000E+00     0.00000E+00     2.90000E+00     2.29094E-03
   D       0.32573      2.35372     3.25517E+00     1.31199E+00     1.00000E+00     0.00000E+00     1.00000E+00     0.00000E+00     2.90000E+00     2.81041E-03
   D       0.32852      2.34883     3.28307E+00     1.32265E+00     1.00000E+00     0.00000E+00     1.00000E+00     0.00000E+00     2.90000E+00     3.40198E-03
   D       0.33131      2.34389     3.31096E+00     1.33334E+00     1.00000E+00     0.00000E+00     1.00000E+00     0.00000E+00     2.90000E+00     4.06998E-03
   D       0.33410      2.33890     3.33885E+00     1.34407E+00     1.00000E+00     0.00000E+00     1.00000E+00     0.00000E+00     2.90000E+00     4.81896E-03
   D       0.33689      2.33386     3.36675E+00     1.35483E+00     1.00000E+00     0.00000E+00     1.00000E+00     0.00000E+00     2.90000E+00     5.65331E-03
   D       0.33969      2.32876     3.39464E+00     1.36561E+00     1.00000E+00     0.00000E+00     1.00000E+00     0.00000E+00     2.90000E+00     6.57755E-03
   D       0.34248      2.32360     3.42254E+00     1.37643E+00     1.00000E+00     0.00000E+00     1.00000E+00     0.00000E+00     2.90000E+00     7.59626E-03
   D       0.34527      2.31836     3.45043E+00     1.38728E+00     1.00000E+00     0.00000E+00     1.00000E+00     0.00000E+00     2.90000E+00     8.71417E-03
   D       0.34806      2.31306     3.47832E+00     1.39815E+00     1.00000E+00     0.00000E+00     1.00000E+00     0.00000E+00     2.90000E+00     9.93627E-03
   D       0.35085      2.30767     3.50622E+00     1.40903E+00     1.00000E+00     0.00000E+00     9.99941E-01     5.88468E-05     2.90315E+00     1.12698E-02
   D       0.35364      2.30221     3.53411E+00     1.41991E+00     1.00000E+00     0.00000E+00     9.99716E-01     2.84442E-04     2.90451E+00     1.27283E-02
   D       0.35643      2.29666     3.56201E+00     1.43077E+00     1.00000E+00     0.00000E+00     9.99321E-01     6.78808E-04     2.90583E+00     1.43320E-02
   D       0.35922      2.29103     3.58990E+00     1.44162E+00     1.00000E+00     0.00000E+00     9.98759E-01     1.24145E-03     2.90722E+00     1.60883E-02
   D       0.36202      2.28531     3.61780E+00     1.45243E+00     1.00000E+00     0.00000E+00     9.98028E-01     1.97168E-03     2.90872E+00     1.79954E-02
   D       0.36481      2.27951     3.64569E+00     1.46321E+00     1.00000E+00     0.00000E+00     9.97131E-01     2.86866E-03     2.91037E+00     2.00514E-02
   D       0.36760      2.27362     3.67358E+00     1.47395E+00     1.00000E+00     0.00000E+00     9.96069E-01     3.93141E-03     2.91221E+00     2.22544E-02
   D       0.37039      2.26765     3.70148E+00     1.48466E+00     1.00000E+00     0.00000E+00     9.94841E-01     5.15882E-03     2.91427E+00     2.46025E-02
   D       0.37318      2.26158     3.72937E+00     1.49532E+00     1.00000E+00     0.00000E+00     9.93450E-01     6.54965E-03     2.91660E+00     2.70934E-02
   D       0.37597      2.25543     3.75727E+00     1.50594E+00     1.00000E+00     0.00000E+00     9.91897E-01     8.10256E-03     2.91925E+00     2.97248E-02
   D       0.37876      2.24919     3.78516E+00     1.51652E+00     1.00000E+00     0.00000E+00     9.90184E-01     9.81611E-03     2.92226E+00     3.24946E-02
   D       0.38155      2.24285     3.81305E+00     1.52705E+00     1.00000E+00     0.00000E+00     9.88311E-01     1.16888E-02     2.92570E+00     3.54003E-02
   D       0.38435      2.23643     3.84095E+00     1.53753E+00     1.00000E+00     0.00000E+00     9.86281E-01     1.37189E-02     2.92964E+00     3.84395E-02
   D       0.38714      2.22991     3.86884E+00     1.54796E+00     1.00000E+00     0.00000E+00     9.84095E-01     1.59047E-02     2.93415E+00     4.16096E-02
   D       0.38993      2.22330     3.89674E+00     1.55834E+00     1.00000E+00     0.00000E+00     9.81756E-01     1.82443E-02     2.93933E+00     4.49080E-02
   D       0.39272      2.21659     3.92463E+00     1.56867E+00     1.00000E+00     0.00000E+00     9.79264E-01     2.07360E-02     2.94527E+00     4.83320E-02
   D       0.39551      2.20979     3.95253E+00     1.57894E+00     1.00000E+00     0.00000E+00     9.76622E-01     2.33776E-02     2.95209E+00     5.18789E-02
   D       0.39830      2.20290     3.98042E+00     1.58915E+00     1.00000E+00     0.00000E+00     9.73833E-01     2.61671E-02     2.95991E+00     5.55460E-02
   D       0.40108      2.19576     4.00821E+00     1.59935E+00     1.00000E+00     0.00000E+00     9.70909E-01     2.90914E-02     2.96895E+00     5.93163E-02
   D       0.40386      2.18865     4.03600E+00     1.60946E+00     1.00000E+00     0.00000E+00     9.67841E-01     3.21589E-02     2.97923E+00     6.32010E-02
   D       0.40664      2.18144     4.06380E+00     1.61950E+00     1.00000E+00     0.00000E+00     9.64633E-01     3.53672E-02     2.99097E+00     6.71969E-02
   D       0.40943      2.17412     4.09159E+00     1.62946E+00     1.00000E+00     0.00000E+00     9.61286E-01     3.87137E-02     3.00434E+00     7.13009E-02
   D       0.41221      2.16670     4.11938E+00     1.63936E+00     1.00000E+00     0.00000E+00     9.57804E-01     4.21959E-02     3.01955E+00     7.55101E-02
   D       0.41499      2.15915     4.14717E+00     1.64919E+00     1.00000E+00     0.00000E+00     9.54189E-01     4.58112E-02     3.03680E+00     7.98213E-02
   D       0.41777      2.15147     4.17496E+00     1.65893E+00     1.00000E+00     0.00000E+00     9.50443E-01     4.95568E-02     3.05634E+00     8.42315E-02
   D       0.42055      2.14365     4.20275E+00     1.66860E+00     1.00000E+00     0.00000E+00     9.46570E-01     5.34300E-02     3.07840E+00     8.87378E-02
   D       0.42333      2.13567     4.23055E+00     1.67818E+00     1.00000E+00     0.00000E+00     9.42572E-01     5.74278E-02     3.10324E+00     9.33371E-02
   D       0.42611      2.12753     4.25834E+00     1.68767E+00     1.00000E+00     0.00000E+00     9.38453E-01     6.15473E-02     3.13111E+00     9.80266E-02
   D       0.42889      2.11921     4.28613E+00     1.69706E+00     1.00000E+00     0.00000E+00     9.34215E-01     6.57852E-02     3.16225E+00     1.02803E-01
   D       0.43167      2.11070     4.31392E+00     1.70635E+00     1.00000E+00     0.00000E+00     9.29862E-01     7.01385E-02     3.19685E+00     1.07664E-01
   D       0.43445      2.10176     4.34171E+00     1.71553E+00     1.00000E+00     0.00000E+00     9.25396E-01     7.46038E-02     3.23513E+00     1.12607E-01
   D       0.43724      2.09322     4.36951E+00     1.72461E+00     1.00000E+00     0.00000E+00     9.20822E-01     7.91779E-02     3.27679E+00     1.17630E-01
   D       0.44002      2.08309     4.39730E+00     1.73363E+00     1.00000E+00     0.00000E+00     9.16142E-01     8.38576E-02     3.32256E+00     1.22729E-01
   D       0.44280      2.07439     4.42509E+00     1.74251E+00     1.00000E+00     0.00000E+00     9.11360E-01     8.86399E-02     3.37055E+00     1.27904E-01
   D       0.44558      2.06304     4.45288E+00     1.75137E+00     1.00000E+00     0.00000E+00     9.06478E-01     9.35216E-02     3.42257E+00     1.33151E-01
   D       0.44836      2.05403     4.48067E+00     1.76011E+00     1.00000E+00     0.00000E+00     9.01500E-01     9.85000E-02     3.47423E+00     1.38471E-01
   D       0.45114      2.04136     4.50846E+00     1.76889E+00     1.00000E+00     0.00000E+00     8.96427E-01     1.03573E-01     3.52952E+00     1.43860E-01
   D       0.45392      2.03183     4.53626E+00     1.77758E+00     1.00000E+00     0.00000E+00     8.91263E-01     1.08737E-01     3.57999E+00     1.49317E-01
   D       0.45670      2.01764     4.56405E+00     1.78643E+00     1.00000E+00     0.00000E+00     8.86008E-01     1.13992E-01     3.63476E+00     1.54840E-01
   D       0.45948      2.00734     4.59184E+00     1.79522E+00     1.00000E+00     0.00000E+00     8.80664E-01     1.19336E-01     3.67642E+00     1.60429E-01
