   C         1.136     0.00000E+00     0.00        1     1.75415E+00     4.14231E-01     2.90000E+00     1.00000E+00       10     1.74353E+00     3.79684E-01     2.90000E+00     1.00000E+00       19     1.73120E+00     3.41833E-01     2.90000E+00     1.00000E+00       28     1.71962E+00     3.09785E-01     2.90000E+00     1.00000E+00       38     1.71434E+00     2.96312E-01     2.90000E+00     1.00000E+00  
   C         1.136     0.00000E+00     0.55        1     1.75415E+00     4.14231E-01     2.90000E+00     1.00000E+00       10     1.74353E+00     3.79684E-01     2.90000E+00     1.00000E+00       19     1.73120E+00     3.41833E-01     2.90000E+00     1.00000E+00       28     1.71962E+00     3.09785E-01     2.90000E+00     1.00000E+00       38     1.71434E+00     2.96312E-01     2.90000E+00     1.00000E+00  
   C         1.136     0.00000E+00     1.64        1     1.75425E+00     4.14342E-01     2.90000E+00     1.00000E+00       10     1.74363E+00     3.79792E-01     2.90000E+00     1.00000E+00       19     1.73130E+00     3.41937E-01     2.90000E+00     1.00000E+00       28     1.71972E+00     3.09886E-01     2.90000E+00     1.00000E+00       38     1.71444E+00     2.96411E-01     2.90000E+00     1.00000E+00  
   C         1.136     0.00000E+00     2.73        1     1.75445E+00     4.14562E-01     2.90000E+00     1.00000E+00       10     1.74383E+00     3.80007E-01     2.90000E+00     1.00000E+00       19     1.73151E+00     3.42146E-01     2.90000E+00     1.00000E+00       28     1.71992E+00     3.10087E-01     2.90000E+00     1.00000E+00       38     1.71464E+00     2.96609E-01     2.90000E+00     1.00000E+00  
   C         1.136     0.00000E+00     3.82        1     1.75476E+00     4.14893E-01     2.90000E+00     1.00000E+00       10     1.74413E+00     3.80331E-01     2.90000E+00     1.00000E+00       19     1.73181E+00     3.42459E-01     2.90000E+00     1.00000E+00       28     1.72022E+00     3.10390E-01     2.90000E+00     1.00000E+00       38     1.71494E+00     2.96907E-01     2.90000E+00     1.00000E+00  
   C         1.136     0.00000E+00     4.91        1     1.75518E+00     4.15334E-01     2.90001E+00     1.00000E+00       10     1.74453E+00     3.80762E-01     2.90000E+00     1.00000E+00       19     1.73221E+00     3.42877E-01     2.90000E+00     1.00000E+00       28     1.72063E+00     3.10793E-01     2.90000E+00     1.00000E+00       38     1.71534E+00     2.97303E-01     2.90000E+00     1.00000E+00  
   C         1.136     0.00000E+00     6.00        1     1.75569E+00     4.15884E-01     2.90001E+00     1.00000E+00       10     1.74502E+00     3.81301E-01     2.90000E+00     1.00000E+00       19     1.73271E+00     3.43399E-01     2.90000E+00     1.00000E+00       28     1.72113E+00     3.11297E-01     2.90000E+00     1.00000E+00       38     1.71585E+00     2.97799E-01     2.90000E+00     1.00000E+00  
   C         1.136     0.00000E+00     7.09        1     1.75631E+00     4.16545E-01     2.90001E+00     1.00000E+00       10     1.74562E+00     3.81948E-01     2.90000E+00     1.00000E+00       19     1.73331E+00     3.44026E-01     2.90000E+00     1.00000E+00       28     1.72173E+00     3.11902E-01     2.90000E+00     1.00000E+00       38     1.71645E+00     2.98394E-01     2.90000E+00     1.00000E+00  
   C         1.136     0.00000E+00     8.18        1     1.75704E+00     4.17316E-01     2.90001E+00     1.00000E+00       10     1.74632E+00     3.82702E-01     2.90001E+00     1.00000E+00       19     1.73401E+00     3.44757E-01     2.90000E+00     1.00000E+00       28     1.72244E+00     3.12608E-01     2.90000E+00     1.00000E+00       38     1.71716E+00     2.99088E-01     2.90000E+00     1.00000E+00  
   C         1.136     0.00000E+00     9.27        1     1.75787E+00     4.18196E-01     2.90002E+00     1.00000E+00       10     1.74712E+00     3.83564E-01     2.90001E+00     1.00000E+00       19     1.73481E+00     3.45592E-01     2.90000E+00     1.00000E+00       28     1.72325E+00     3.13415E-01     2.90000E+00     1.00000E+00       38     1.71797E+00     2.99881E-01     2.90000E+00     1.00000E+00  
   C         1.136     0.00000E+00    10.36        1     1.75880E+00     4.19186E-01     2.90003E+00     1.00000E+00       10     1.74802E+00     3.84534E-01     2.90001E+00     1.00000E+00       19     1.73572E+00     3.46532E-01     2.90001E+00     1.00000E+00       28     1.72415E+00     3.14323E-01     2.90000E+00     1.00000E+00       38     1.71888E+00     3.00774E-01     2.90000E+00     1.00000E+00  
   C         1.136     0.00000E+00    11.45        1     1.75984E+00     4.20286E-01     2.90004E+00     1.00000E+00       10     1.74902E+00     3.85610E-01     2.90002E+00     1.00000E+00       19     1.73672E+00     3.47576E-01     2.90001E+00     1.00000E+00       28     1.72516E+00     3.15332E-01     2.90000E+00     1.00000E+00       38     1.71989E+00     3.01766E-01     2.90000E+00     1.00000E+00  
   C         1.136     0.00000E+00    12.55        1     1.76098E+00     4.21494E-01     2.90005E+00     1.00000E+00       10     1.75012E+00     3.86794E-01     2.90003E+00     1.00000E+00       19     1.73783E+00     3.48724E-01     2.90001E+00     1.00000E+00       28     1.72628E+00     3.16442E-01     2.90001E+00     1.00000E+00       38     1.72100E+00     3.02857E-01     2.90000E+00     1.00000E+00  
   C         1.136     0.00000E+00    13.64        1     1.76224E+00     4.22812E-01     2.90007E+00     1.00000E+00       10     1.75132E+00     3.88085E-01     2.90004E+00     1.00000E+00       19     1.73903E+00     3.49976E-01     2.90002E+00     1.00000E+00       28     1.72749E+00     3.17654E-01     2.90001E+00     1.00000E+00       38     1.72221E+00     3.04048E-01     2.90001E+00     1.00000E+00  
   C         1.136     0.00000E+00    14.73        1     1.76359E+00     4.24238E-01     2.90009E+00     1.00000E+00       10     1.75262E+00     3.89484E-01     2.90005E+00     1.00000E+00       19     1.74034E+00     3.51333E-01     2.90002E+00     1.00000E+00       28     1.72880E+00     3.18966E-01     2.90001E+00     1.00000E+00       38     1.72353E+00     3.05339E-01     2.90001E+00     1.00000E+00  
   C         1.136     0.00000E+00    15.82        1     1.76506E+00     4.25773E-01     2.90012E+00     1.00000E+00       10     1.75403E+00     3.90988E-01     2.90007E+00     1.00000E+00       19     1.74175E+00     3.52794E-01     2.90003E+00     1.00000E+00       28     1.73022E+00     3.20379E-01     2.90002E+00     1.00000E+00       38     1.72495E+00     3.06730E-01     2.90001E+00     1.00000E+00  
   C         1.136     0.00000E+00    16.91        1     1.76664E+00     4.27416E-01     2.90017E+00     1.00000E+00       10     1.75553E+00     3.92600E-01     2.90009E+00     1.00000E+00       19     1.74327E+00     3.54359E-01     2.90005E+00     1.00000E+00       28     1.73174E+00     3.21894E-01     2.90003E+00     1.00000E+00       38     1.72648E+00     3.08220E-01     2.90002E+00     1.00000E+00  
   C         1.136     0.00000E+00    18.00        1     1.76832E+00     4.29167E-01     2.90023E+00     1.00000E+00       10     1.75714E+00     3.94318E-01     2.90013E+00     1.00000E+00       19     1.74488E+00     3.56028E-01     2.90007E+00     1.00000E+00       28     1.73337E+00     3.23510E-01     2.90004E+00     1.00000E+00       38     1.72810E+00     3.09810E-01     2.90003E+00     1.00000E+00  
   C         1.136     0.00000E+00    19.09        1     1.77012E+00     4.31026E-01     2.90030E+00     1.00000E+00       10     1.75885E+00     3.96142E-01     2.90018E+00     1.00000E+00       19     1.74660E+00     3.57801E-01     2.90009E+00     1.00000E+00       28     1.73510E+00     3.25227E-01     2.90005E+00     1.00000E+00       38     1.72983E+00     3.11501E-01     2.90004E+00     1.00000E+00  
   C         1.136     0.00000E+00    20.18        1     1.77202E+00     4.32992E-01     2.90041E+00     1.00000E+00       10     1.76066E+00     3.98073E-01     2.90024E+00     1.00000E+00       19     1.74842E+00     3.59678E-01     2.90013E+00     1.00000E+00       28     1.73693E+00     3.27046E-01     2.90007E+00     1.00000E+00       38     1.73167E+00     3.13291E-01     2.90006E+00     1.00000E+00  
   C         1.136     0.00000E+00    21.27        1     1.77404E+00     4.35065E-01     2.90054E+00     1.00000E+00       10     1.76258E+00     4.00109E-01     2.90032E+00     1.00000E+00       19     1.75035E+00     3.61659E-01     2.90018E+00     1.00000E+00       28     1.73887E+00     3.28966E-01     2.90010E+00     1.00000E+00       38     1.73361E+00     3.15182E-01     2.90008E+00     1.00000E+00  
   C         1.136     0.00000E+00    22.36        1     1.77617E+00     4.37245E-01     2.90072E+00     1.00000E+00       10     1.76460E+00     4.02251E-01     2.90044E+00     1.00000E+00       19     1.75238E+00     3.63744E-01     2.90024E+00     1.00000E+00       28     1.74091E+00     3.30988E-01     2.90014E+00     1.00000E+00       38     1.73565E+00     3.17172E-01     2.90011E+00     1.00000E+00  
   C         1.136     0.00000E+00    23.45        1     1.77842E+00     4.39530E-01     2.90096E+00     1.00000E+00       10     1.76672E+00     4.04497E-01     2.90059E+00     1.00000E+00       19     1.75451E+00     3.65932E-01     2.90033E+00     1.00000E+00       28     1.74305E+00     3.33111E-01     2.90019E+00     1.00000E+00       38     1.73780E+00     3.19264E-01     2.90015E+00     1.00000E+00  
   C         1.136     0.00000E+00    24.55        1     1.78078E+00     4.41922E-01     2.90127E+00     1.00000E+00       10     1.76895E+00     4.06849E-01     2.90079E+00     1.00000E+00       19     1.75675E+00     3.68224E-01     2.90045E+00     1.00000E+00       28     1.74530E+00     3.35335E-01     2.90027E+00     1.00000E+00       38     1.74006E+00     3.21455E-01     2.90021E+00     1.00000E+00  
   C         1.136     0.00000E+00    25.64        1     1.78326E+00     4.44418E-01     2.90167E+00     1.00000E+00       10     1.77128E+00     4.09306E-01     2.90106E+00     1.00000E+00       19     1.75909E+00     3.70619E-01     2.90061E+00     1.00000E+00       28     1.74766E+00     3.37662E-01     2.90037E+00     1.00000E+00       38     1.74242E+00     3.23747E-01     2.90029E+00     1.00000E+00  
   C         1.136     0.00000E+00    26.73        1     1.78585E+00     4.47019E-01     2.90219E+00     1.00000E+00       10     1.77372E+00     4.11867E-01     2.90141E+00     1.00000E+00       19     1.76154E+00     3.73117E-01     2.90083E+00     1.00000E+00       28     1.75013E+00     3.40089E-01     2.90051E+00     1.00000E+00       38     1.74489E+00     3.26140E-01     2.90041E+00     1.00000E+00  
   C         1.136     0.00000E+00    27.82        1     1.78857E+00     4.49724E-01     2.90286E+00     1.00000E+00       10     1.77626E+00     4.14531E-01     2.90187E+00     1.00000E+00       19     1.76410E+00     3.75718E-01     2.90112E+00     1.00000E+00       28     1.75270E+00     3.42618E-01     2.90069E+00     1.00000E+00       38     1.74747E+00     3.28633E-01     2.90056E+00     1.00000E+00  
   C         1.136     0.00000E+00    28.91        1     1.79140E+00     4.52533E-01     2.90373E+00     1.00000E+00       10     1.77891E+00     4.17299E-01     2.90247E+00     1.00000E+00       19     1.76676E+00     3.78422E-01     2.90150E+00     1.00000E+00       28     1.75538E+00     3.45249E-01     2.90094E+00     1.00000E+00       38     1.75015E+00     3.31227E-01     2.90077E+00     1.00000E+00  
   C         1.136     0.00000E+00    30.00        1     1.79436E+00     4.55444E-01     2.90483E+00     1.00000E+00       10     1.78167E+00     4.20170E-01     2.90325E+00     1.00000E+00       19     1.76953E+00     3.81228E-01     2.90200E+00     1.00000E+00       28     1.75816E+00     3.47981E-01     2.90128E+00     1.00000E+00       38     1.75295E+00     3.33922E-01     2.90104E+00     1.00000E+00  
   C         1.136     0.00000E+00    31.09        1     1.79744E+00     4.58458E-01     2.90624E+00     1.00000E+00       10     1.78453E+00     4.23144E-01     2.90426E+00     1.00000E+00       19     1.77241E+00     3.84137E-01     2.90267E+00     1.00000E+00       28     1.76106E+00     3.50814E-01     2.90173E+00     1.00000E+00       38     1.75585E+00     3.36718E-01     2.90142E+00     1.00000E+00  
   C         1.136     0.00000E+00    32.18        1     1.80065E+00     4.61574E-01     2.90803E+00     1.00000E+00       10     1.78750E+00     4.26220E-01     2.90556E+00     1.00000E+00       19     1.77539E+00     3.87148E-01     2.90355E+00     1.00000E+00       28     1.76406E+00     3.53749E-01     2.90233E+00     1.00000E+00       38     1.75886E+00     3.39614E-01     2.90193E+00     1.00000E+00  
   C         1.136     0.00000E+00    33.27        1     1.80398E+00     4.64790E-01     2.91028E+00     1.00000E+00       10     1.79058E+00     4.29397E-01     2.90723E+00     1.00000E+00       19     1.77849E+00     3.90261E-01     2.90469E+00     1.00000E+00       28     1.76718E+00     3.56784E-01     2.90312E+00     1.00000E+00       38     1.76198E+00     3.42611E-01     2.90260E+00     1.00000E+00  
   C         1.136     0.00000E+00    34.36        1     1.80744E+00     4.68106E-01     2.91311E+00     1.00000E+00       10     1.79377E+00     4.32676E-01     2.90936E+00     1.00000E+00       19     1.78169E+00     3.93475E-01     2.90618E+00     1.00000E+00       28     1.77040E+00     3.59921E-01     2.90418E+00     1.00000E+00       38     1.76521E+00     3.45709E-01     2.90350E+00     1.00000E+00  
   C         1.136     0.00000E+00    35.45        1     1.81104E+00     4.71521E-01     2.91665E+00     1.00000E+00       10     1.79706E+00     4.36054E-01     2.91207E+00     1.00000E+00       19     1.78500E+00     3.96790E-01     2.90811E+00     1.00000E+00       28     1.77374E+00     3.63159E-01     2.90556E+00     1.00000E+00       38     1.76856E+00     3.48908E-01     2.90469E+00     1.00000E+00  
   C         1.136     0.00000E+00    36.55        1     1.81476E+00     4.75035E-01     2.92106E+00     1.00000E+00       10     1.80047E+00     4.39533E-01     2.91551E+00     1.00000E+00       19     1.78842E+00     4.00206E-01     2.91061E+00     1.00000E+00       28     1.77718E+00     3.66498E-01     2.90738E+00     1.00000E+00       38     1.77201E+00     3.52207E-01     2.90627E+00     1.00000E+00  
   C         1.136     0.00000E+00    37.64        1     1.81862E+00     4.78646E-01     2.92652E+00     1.00000E+00       10     1.80399E+00     4.43110E-01     2.91983E+00     1.00000E+00       19     1.79196E+00     4.03722E-01     2.91380E+00     1.00000E+00       28     1.78074E+00     3.69937E-01     2.90976E+00     1.00000E+00       38     1.77558E+00     3.55607E-01     2.90834E+00     1.00000E+00  
   C         1.136     0.00000E+00    38.73        1     1.82261E+00     4.82353E-01     2.93325E+00     1.00000E+00       10     1.80762E+00     4.46786E-01     2.92525E+00     1.00000E+00       19     1.79560E+00     4.07338E-01     2.91789E+00     1.00000E+00       28     1.78441E+00     3.73477E-01     2.91285E+00     1.00000E+00       38     1.77926E+00     3.59107E-01     2.91105E+00     1.00000E+00  
   C         1.136     0.00000E+00    39.82        1     1.82674E+00     4.86156E-01     2.94151E+00     1.00000E+00       10     1.81136E+00     4.50559E-01     2.93200E+00     1.00000E+00       19     1.79936E+00     4.11053E-01     2.92309E+00     1.00000E+00       28     1.78820E+00     3.77117E-01     2.91685E+00     1.00000E+00       38     1.78306E+00     3.62707E-01     2.91459E+00     1.00000E+00  
   C         1.136     0.00000E+00    40.91        1     1.83101E+00     4.90054E-01     2.95158E+00     1.00000E+00       10     1.81521E+00     4.54428E-01     2.94039E+00     1.00000E+00       19     1.80323E+00     4.14867E-01     2.92967E+00     1.00000E+00       28     1.79209E+00     3.80856E-01     2.92200E+00     1.00000E+00       38     1.78697E+00     3.66408E-01     2.91918E+00     1.00000E+00  
   C         1.136     0.00000E+00    42.00        1     1.83543E+00     4.94044E-01     2.96382E+00     1.00000E+00       10     1.81918E+00     4.58394E-01     2.95074E+00     1.00000E+00       19     1.80721E+00     4.18779E-01     2.93795E+00     1.00000E+00       28     1.79610E+00     3.84695E-01     2.92860E+00     1.00000E+00       38     1.79099E+00     3.70208E-01     2.92511E+00     1.00000E+00  
   C         1.136     0.00000E+00    43.09        1     1.83998E+00     4.98127E-01     2.97859E+00     1.00000E+00       10     1.82326E+00     4.62454E-01     2.96346E+00     1.00000E+00       19     1.81130E+00     4.22788E-01     2.94833E+00     1.00000E+00       28     1.80023E+00     3.88634E-01     2.93702E+00     1.00000E+00       38     1.79513E+00     3.74108E-01     2.93273E+00     1.00000E+00  
   C         1.136     0.00000E+00    44.18        1     1.84468E+00     5.02301E-01     2.99636E+00     1.00000E+00       10     1.82746E+00     4.66609E-01     2.97900E+00     1.00000E+00       19     1.81551E+00     4.26894E-01     2.96126E+00     1.00000E+00       28     1.80447E+00     3.92670E-01     2.94772E+00     1.00000E+00       38     1.79939E+00     3.78107E-01     2.94249E+00     1.00000E+00  
   C         1.136     0.00000E+00    45.27        1     1.84953E+00     5.06564E-01     3.01759E+00     1.00000E+00       10     1.83178E+00     4.70856E-01     2.99789E+00     1.00000E+00       19     1.81984E+00     4.31097E-01     2.97731E+00     1.00000E+00       28     1.80883E+00     3.96805E-01     2.96122E+00     1.00000E+00       38     1.80376E+00     3.82205E-01     2.95492E+00     1.00000E+00  
   C         1.136     0.00000E+00    46.36        1     1.85453E+00     5.10916E-01     3.04285E+00     1.00000E+00       10     1.83621E+00     4.75195E-01     3.02075E+00     1.00000E+00       19     1.82427E+00     4.35395E-01     2.99710E+00     1.00000E+00       28     1.81330E+00     4.01038E-01     2.97820E+00     1.00000E+00       38     1.80825E+00     3.86401E-01     2.97067E+00     1.00000E+00  
   C         1.136     0.00000E+00    47.45        1     1.85969E+00     5.15354E-01     3.07273E+00     1.00000E+00       10     1.84076E+00     4.79624E-01     3.04824E+00     1.00000E+00       19     1.82883E+00     4.39787E-01     3.02139E+00     1.00000E+00       28     1.81790E+00     4.05368E-01     2.99943E+00     1.00000E+00       38     1.81286E+00     3.90696E-01     2.99053E+00     1.00000E+00  
   C         1.136     0.00000E+00    48.55        1     1.86499E+00     5.19878E-01     3.10787E+00     1.00000E+00       10     1.84543E+00     4.84143E-01     3.08112E+00     1.00000E+00       19     1.83350E+00     4.44273E-01     3.05105E+00     1.00000E+00       28     1.82260E+00     4.09794E-01     3.02585E+00     1.00000E+00       38     1.81759E+00     3.95088E-01     3.01545E+00     1.00000E+00  
   C         1.136     0.00000E+00    49.64        1     1.87046E+00     5.24486E-01     3.14898E+00     1.00000E+00       10     1.85023E+00     4.88749E-01     3.12023E+00     1.00000E+00       19     1.83829E+00     4.48851E-01     3.08705E+00     1.00000E+00       28     1.82743E+00     4.14317E-01     3.05854E+00     1.00000E+00       38     1.82243E+00     3.99577E-01     3.04656E+00     1.00000E+00  
   C         1.136     0.00000E+00    50.73        1     1.87608E+00     5.29176E-01     3.19676E+00     1.00000E+00       10     1.85515E+00     4.93443E-01     3.16645E+00     1.00000E+00       19     1.84319E+00     4.53521E-01     3.13049E+00     1.00000E+00       28     1.83238E+00     4.18934E-01     3.09878E+00     1.00000E+00       38     1.82740E+00     4.04163E-01     3.08518E+00     1.00000E+00  
   C         1.136     0.00000E+00    51.82        1     1.88186E+00     5.33946E-01     3.25195E+00     1.00000E+00       10     1.86019E+00     4.98222E-01     3.22072E+00     1.00000E+00       19     1.84821E+00     4.58282E-01     3.18259E+00     1.00000E+00       28     1.83744E+00     4.23646E-01     3.14801E+00     1.00000E+00       38     1.83248E+00     4.08844E-01     3.13286E+00     1.00000E+00  
   C         1.136     0.00000E+00    52.91        1     1.88780E+00     5.38796E-01     3.31528E+00     1.00000E+00       10     1.86536E+00     5.03084E-01     3.28399E+00     1.00000E+00       19     1.85336E+00     4.63131E-01     3.24463E+00     1.00000E+00       28     1.84263E+00     4.28451E-01     3.20785E+00     1.00000E+00       38     1.83769E+00     4.13620E-01     3.19136E+00     1.00000E+00  
   C         1.136     0.00000E+00    54.00        1     1.89391E+00     5.43723E-01     3.38743E+00     1.00000E+00       10     1.87067E+00     5.08029E-01     3.35719E+00     1.00000E+00       19     1.85862E+00     4.68069E-01     3.31793E+00     1.00000E+00       28     1.84794E+00     4.33348E-01     3.28005E+00     1.00000E+00       38     1.84302E+00     4.18491E-01     3.26263E+00     1.00000E+00  
   C         1.136     0.00000E+00    55.09        1     1.90019E+00     5.48725E-01     3.46900E+00     1.00000E+00       10     1.87611E+00     5.13055E-01     3.44113E+00     1.00000E+00       19     1.86399E+00     4.73094E-01     3.40374E+00     1.00000E+00       28     1.85336E+00     4.38337E-01     3.36638E+00     1.00000E+00       38     1.84847E+00     4.23455E-01     3.34870E+00     1.00000E+00  
   C         1.136     0.00000E+00    56.18        1     1.90664E+00     5.53800E-01     3.56047E+00     1.00000E+00       10     1.88169E+00     5.18160E-01     3.53652E+00     1.00000E+00       19     1.86949E+00     4.78204E-01     3.50317E+00     1.00000E+00       28     1.85891E+00     4.43417E-01     3.46854E+00     1.00000E+00       38     1.85405E+00     4.28511E-01     3.45160E+00     1.00000E+00  
   C         1.136     0.00000E+00    57.27        1     1.91326E+00     5.58947E-01     3.66215E+00     1.00000E+00       10     1.88741E+00     5.23341E-01     3.64380E+00     1.00000E+00       19     1.87511E+00     4.83398E-01     3.61706E+00     1.00000E+00       28     1.86458E+00     4.48586E-01     3.58791E+00     1.00000E+00       38     1.85975E+00     4.33659E-01     3.57307E+00     1.00000E+00  
   C         1.136     0.00000E+00    58.36        1     1.92004E+00     5.64163E-01     3.77415E+00     1.00000E+00       10     1.89327E+00     5.28599E-01     3.76311E+00     1.00000E+00       19     1.88085E+00     4.88675E-01     3.74575E+00     1.00000E+00       28     1.87038E+00     4.53843E-01     3.72531E+00     1.00000E+00       38     1.86557E+00     4.38897E-01     3.71424E+00     1.00000E+00  
   C         1.136     0.00000E+00    59.45        1     1.92698E+00     5.69446E-01     3.89645E+00     1.00000E+00       10     1.89926E+00     5.33930E-01     3.89411E+00     1.00000E+00       19     1.88669E+00     4.94033E-01     3.88890E+00     1.00000E+00       28     1.87626E+00     4.59187E-01     3.88057E+00     1.00000E+00       38     1.87148E+00     4.44224E-01     3.87515E+00     1.00000E+00  
   C         1.136     0.00000E+00    60.00        1     1.93035E+00     5.72127E-01     3.90000E+00     1.00000E+00       10     1.90218E+00     5.36637E-01     3.89405E+00     1.00000E+00       19     1.88948E+00     4.96756E-01     3.88882E+00     1.00000E+00       28     1.87908E+00     4.61906E-01     3.88049E+00     1.00000E+00       38     1.87432E+00     4.46936E-01     3.87506E+00     1.00000E+00  
