State         Time      Voltage         mAh_exp         csa_NJc    Cycle_Number         fail_id     Theta_Alpha Theta_Beta_edge         csb_NJc      Theta_Beta
  CDR        hours        Volts             mAh         mol/cm3               ,               .               ,               ,            conc
   D       0.00000      3.55000     0.00000E+00     9.13526E-07     1.00000E+00     0.00000E+00     1.00000E+00     0.00000E+00     2.90000E+00     0.00000E+00
   D       0.00278      3.38695     1.24130E-02     3.32649E-02     1.00000E+00     0.00000E+00     1.00000E+00     0.00000E+00     2.90000E+00     0.00000E+00
   D       0.00556      3.37699     2.48261E-02     4.70684E-02     1.00000E+00     0.00000E+00     1.00000E+00     0.00000E+00     2.90000E+00     0.00000E+00
   D       0.00834      3.36241     3.72391E-02     5.80042E-02     1.00000E+00     0.00000E+00     1.00000E+00     0.00000E+00     2.90000E+00     0.00000E+00
   D       0.01112      3.34638     4.96521E-02     6.71678E-02     1.00000E+00     0.00000E+00     1.00000E+00     0.00000E+00     2.90000E+00     0.00000E+00
   D       0.01390      3.33054     6.20652E-02     7.51001E-02     1.00000E+00     0.00000E+00     1.00000E+00     0.00000E+00     2.90000E+00     0.00000E+00
   D       0.01668      3.31561     7.44782E-02     8.21463E-02     1.00000E+00     0.00000E+00     1.00000E+00     0.00000E+00     2.90000E+00     0.00000E+00
   D       0.01946      3.30179     8.68912E-02     8.85451E-02     1.00000E+00     0.00000E+00     1.00000E+00     0.00000E+00     2.90000E+00     0.00000E+00
   D       0.02224      3.28908     9.93043E-02     9.44733E-02     1.00000E+00     0.00000E+00     1.00000E+00     0.00000E+00     2.90000E+00     0.00000E+00
   D       0.02502      3.27735     1.11717E-01     1.00063E-01     1.00000E+00     0.00000E+00     1.00000E+00     0.00000E+00     2.90000E+00     0.00000E+00
   D       0.02780      3.26645     1.24130E-01     1.05424E-01     1.00000E+00     0.00000E+00     1.00000E+00     0.00000E+00     2.90000E+00     0.00000E+00
   D       0.03058      3.25618     1.36543E-01     1.10639E-01     1.00000E+00     0.00000E+00     1.00000E+00     0.00000E+00     2.90000E+00     0.00000E+00
   D       0.03336      3.24639     1.48956E-01     1.15776E-01     1.00000E+00     0.00000E+00     1.00000E+00     0.00000E+00     2.90000E+00     0.00000E+00
   D       0.03614      3.23693     1.61369E-01     1.20889E-01     1.00000E+00     0.00000E+00     1.00000E+00     0.00000E+00     2.90000E+00     0.00000E+00
   D       0.03892      3.22765     1.73782E-01     1.26021E-01     1.00000E+00     0.00000E+00     1.00000E+00     0.00000E+00     2.90000E+00     0.00000E+00
   D       0.04170      3.21845     1.86195E-01     1.31200E-01     1.00000E+00     0.00000E+00     1.00000E+00     0.00000E+00     2.90000E+00     0.00000E+00
   D       0.04448      3.20921     1.98609E-01     1.36448E-01     1.00000E+00     0.00000E+00     1.00000E+00     0.00000E+00     2.90000E+00     0.00000E+00
   D       0.04726      3.19984     2.11022E-01     1.41779E-01     1.00000E+00     0.00000E+00     1.00000E+00     0.00000E+00     2.90000E+00     0.00000E+00
   D       0.05004      3.19026     2.23435E-01     1.47195E-01     1.00000E+00     0.00000E+00     1.00000E+00     0.00000E+00     2.90000E+00     0.00000E+00
   D       0.05282      3.18039     2.35848E-01     1.52695E-01     1.00000E+00     0.00000E+00     1.00000E+00     0.00000E+00     2.90000E+00     0.00000E+00
   D       0.05560      3.17018     2.48261E-01     1.58270E-01     1.00000E+00     0.00000E+00     1.00000E+00     0.00000E+00     2.90000E+00     0.00000E+00
   D       0.05838      3.15956     2.60674E-01     1.63907E-01     1.00000E+00     0.00000E+00     1.00000E+00     0.00000E+00     2.90000E+00     0.00000E+00
   D       0.06116      3.14849     2.73087E-01     1.69589E-01     1.00000E+00     0.00000E+00     1.00000E+00     0.00000E+00     2.90000E+00     0.00000E+00
   D       0.06394      3.13695     2.85500E-01     1.75302E-01     1.00000E+00     0.00000E+00     1.00000E+00     0.00000E+00     2.90000E+00     0.00000E+00
   D       0.06672      3.12491     2.97913E-01     1.81029E-01     1.00000E+00     0.00000E+00     1.00000E+00     0.00000E+00     2.90000E+00     0.00000E+00
   D       0.06950      3.11238     3.10326E-01     1.86756E-01     1.00000E+00     0.00000E+00     1.00000E+00     0.00000E+00     2.90000E+00     0.00000E+00
   D       0.07228      3.09936     3.22739E-01     1.92471E-01     1.00000E+00     0.00000E+00     1.00000E+00     0.00000E+00     2.90000E+00     0.00000E+00
   D       0.07506      3.08588     3.35152E-01     1.98166E-01     1.00000E+00     0.00000E+00     1.00000E+00     0.00000E+00     2.90000E+00     0.00000E+00
   D       0.07784      3.07197     3.47565E-01     2.03832E-01     1.00000E+00     0.00000E+00     1.00000E+00     0.00000E+00     2.90000E+00     0.00000E+00
   D       0.08062      3.05768     3.59978E-01     2.09467E-01     1.00000E+00     0.00000E+00     1.00000E+00     0.00000E+00     2.90000E+00     0.00000E+00
   D       0.08340      3.04305     3.72391E-01     2.15065E-01     1.00000E+00     0.00000E+00     1.00000E+00     0.00000E+00     2.90000E+00     0.00000E+00
   D       0.08618      3.02816     3.84804E-01     2.20626E-01     1.00000E+00     0.00000E+00     1.00000E+00     0.00000E+00     2.90000E+00     0.00000E+00
   D       0.08896      3.01307     3.97217E-01     2.26148E-01     1.00000E+00     0.00000E+00     1.00000E+00     0.00000E+00     2.90000E+00     0.00000E+00
   D       0.09174      2.99784     4.09630E-01     2.31631E-01     1.00000E+00     0.00000E+00     1.00000E+00     0.00000E+00     2.90000E+00     0.00000E+00
   D       0.09452      2.98257     4.22043E-01     2.37073E-01     1.00000E+00     0.00000E+00     1.00000E+00     0.00000E+00     2.90000E+00     0.00000E+00
   D       0.09730      2.96731     4.34456E-01     2.42476E-01     1.00000E+00     0.00000E+00     1.00000E+00     0.00000E+00     2.90000E+00     0.00000E+00
   D       0.10008      2.95216     4.46869E-01     2.47836E-01     1.00000E+00     0.00000E+00     1.00000E+00     0.00000E+00     2.90000E+00     0.00000E+00
   D       0.10286      2.93717     4.59282E-01     2.53155E-01     1.00000E+00     0.00000E+00     1.00000E+00     0.00000E+00     2.90000E+00     0.00000E+00
   D       0.10564      2.92244     4.71695E-01     2.58431E-01     1.00000E+00     0.00000E+00     1.00000E+00     0.00000E+00     2.90000E+00     0.00000E+00
   D       0.10842      2.90802     4.84108E-01     2.63663E-01     1.00000E+00     0.00000E+00     1.00000E+00     0.00000E+00     2.90000E+00     0.00000E+00
   D       0.11120      2.89399     4.96521E-01     2.68850E-01     1.00000E+00     0.00000E+00     1.00000E+00     0.00000E+00     2.90000E+00     0.00000E+00
   D       0.11398      2.88041     5.08934E-01     2.73990E-01     1.00000E+00     0.00000E+00     1.00000E+00     0.00000E+00     2.90000E+00     0.00000E+00
   D       0.11676      2.86732     5.21347E-01     2.79080E-01     1.00000E+00     0.00000E+00     1.00000E+00     0.00000E+00     2.90000E+00     0.00000E+00
   D       0.11954      2.85479     5.33760E-01     2.84117E-01     1.00000E+00     0.00000E+00     1.00000E+00     0.00000E+00     2.90000E+00     0.00000E+00
   D       0.12232      2.84286     5.46173E-01     2.89099E-01     1.00000E+00     0.00000E+00     1.00000E+00     0.00000E+00     2.90000E+00     0.00000E+00
   D       0.12510      2.83156     5.58586E-01     2.94021E-01     1.00000E+00     0.00000E+00     1.00000E+00     0.00000E+00     2.90000E+00     0.00000E+00
   D       0.12788      2.82093     5.70999E-01     2.98881E-01     1.00000E+00     0.00000E+00     1.00000E+00     0.00000E+00     2.90000E+00     0.00000E+00
   D       0.13066      2.81099     5.83412E-01     3.03672E-01     1.00000E+00     0.00000E+00     1.00000E+00     0.00000E+00     2.90000E+00     0.00000E+00
   D       0.13344      2.80176     5.95826E-01     3.08391E-01     1.00000E+00     0.00000E+00     1.00000E+00     0.00000E+00     2.90000E+00     0.00000E+00
   D       0.13622      2.79325     6.08239E-01     3.13031E-01     1.00000E+00     0.00000E+00     1.00000E+00     0.00000E+00     2.90000E+00     0.00000E+00
   D       0.13900      2.78547     6.20652E-01     3.17588E-01     1.00000E+00     0.00000E+00     1.00000E+00     0.00000E+00     2.90000E+00     0.00000E+00
   D       0.14178      2.77842     6.33065E-01     3.22055E-01     1.00000E+00     0.00000E+00     1.00000E+00     0.00000E+00     2.90000E+00     0.00000E+00
   D       0.14456      2.77209     6.45478E-01     3.26426E-01     1.00000E+00     0.00000E+00     1.00000E+00     0.00000E+00     2.90000E+00     0.00000E+00
   D       0.14734      2.76646     6.57891E-01     3.30696E-01     1.00000E+00     0.00000E+00     1.00000E+00     0.00000E+00     2.90000E+00     0.00000E+00
   D       0.15012      2.76152     6.70304E-01     3.34859E-01     1.00000E+00     0.00000E+00     1.00000E+00     0.00000E+00     2.90000E+00     0.00000E+00
   D       0.15290      2.75725     6.82717E-01     3.38912E-01     1.00000E+00     0.00000E+00     1.00000E+00     0.00000E+00     2.90000E+00     0.00000E+00
   D       0.15568      2.75360     6.95130E-01     3.42852E-01     1.00000E+00     0.00000E+00     1.00000E+00     0.00000E+00     2.90000E+00     0.00000E+00
   D       0.15846      2.75052     7.07543E-01     3.46682E-01     1.00000E+00     0.00000E+00     1.00000E+00     0.00000E+00     2.90000E+00     0.00000E+00
   D       0.16124      2.74796     7.19956E-01     3.50405E-01     1.00000E+00     0.00000E+00     1.00000E+00     0.00000E+00     2.90000E+00     0.00000E+00
   D       0.16402      2.74584     7.32369E-01     3.54032E-01     1.00000E+00     0.00000E+00     1.00000E+00     0.00000E+00     2.90000E+00     0.00000E+00
   D       0.16680      2.74407     7.44782E-01     3.57576E-01     1.00000E+00     0.00000E+00     1.00000E+00     0.00000E+00     2.90000E+00     0.00000E+00
   D       0.16958      2.74258     7.57195E-01     3.61056E-01     1.00000E+00     0.00000E+00     1.00000E+00     0.00000E+00     2.90000E+00     0.00000E+00
   D       0.17236      2.74129     7.69608E-01     3.64490E-01     1.00000E+00     0.00000E+00     1.00000E+00     0.00000E+00     2.90000E+00     0.00000E+00
   D       0.17514      2.74014     7.82021E-01     3.67894E-01     1.00000E+00     0.00000E+00     1.00000E+00     0.00000E+00     2.90000E+00     0.00000E+00
   D       0.17792      2.73909     7.94434E-01     3.71282E-01     1.00000E+00     0.00000E+00     1.00000E+00     0.00000E+00     2.90000E+00     0.00000E+00
   D       0.18070      2.73810     8.06847E-01     3.74667E-01     1.00000E+00     0.00000E+00     1.00000E+00     0.00000E+00     2.90000E+00     0.00000E+00
   D       0.18348      2.73715     8.19260E-01     3.78058E-01     1.00000E+00     0.00000E+00     1.00000E+00     0.00000E+00     2.90000E+00     0.00000E+00
   D       0.18626      2.73623     8.31673E-01     3.81461E-01     1.00000E+00     0.00000E+00     1.00000E+00     0.00000E+00     2.90000E+00     0.00000E+00
   D       0.18904      2.73532     8.44086E-01     3.84885E-01     1.00000E+00     0.00000E+00     1.00000E+00     0.00000E+00     2.90000E+00     0.00000E+00
   D       0.19182      2.73442     8.56499E-01     3.88333E-01     1.00000E+00     0.00000E+00     1.00000E+00     0.00000E+00     2.90000E+00     0.00000E+00
   D       0.19460      2.73353     8.68912E-01     3.91811E-01     1.00000E+00     0.00000E+00     1.00000E+00     0.00000E+00     2.90000E+00     0.00000E+00
   D       0.19738      2.73264     8.81325E-01     3.95324E-01     1.00000E+00     0.00000E+00     1.00000E+00     0.00000E+00     2.90000E+00     0.00000E+00
   D       0.20016      2.73174     8.93738E-01     3.98877E-01     1.00000E+00     0.00000E+00     1.00000E+00     0.00000E+00     2.90000E+00     0.00000E+00
   D       0.20294      2.73084     9.06151E-01     4.02473E-01     1.00000E+00     0.00000E+00     1.00000E+00     0.00000E+00     2.90000E+00     0.00000E+00
   D       0.20572      2.72993     9.18564E-01     4.06117E-01     1.00000E+00     0.00000E+00     1.00000E+00     0.00000E+00     2.90000E+00     0.00000E+00
   D       0.20850      2.72901     9.30977E-01     4.09813E-01     1.00000E+00     0.00000E+00     1.00000E+00     0.00000E+00     2.90000E+00     0.00000E+00
   D       0.21128      2.72808     9.43390E-01     4.13566E-01     1.00000E+00     0.00000E+00     1.00000E+00     0.00000E+00     2.90000E+00     0.00000E+00
   D       0.21406      2.72715     9.55803E-01     4.17378E-01     1.00000E+00     0.00000E+00     1.00000E+00     0.00000E+00     2.90000E+00     0.00000E+00
   D       0.21684      2.72621     9.68216E-01     4.21252E-01     1.00000E+00     0.00000E+00     1.00000E+00     0.00000E+00     2.90000E+00     0.00000E+00
   D       0.21962      2.72525     9.80629E-01     4.25193E-01     1.00000E+00     0.00000E+00     1.00000E+00     0.00000E+00     2.90000E+00     0.00000E+00
   D       0.22240      2.72429     9.93043E-01     4.29202E-01     1.00000E+00     0.00000E+00     1.00000E+00     0.00000E+00     2.90000E+00     0.00000E+00
   D       0.22518      2.72332     1.00546E+00     4.33282E-01     1.00000E+00     0.00000E+00     1.00000E+00     0.00000E+00     2.90000E+00     0.00000E+00
   D       0.22796      2.72234     1.01787E+00     4.37432E-01     1.00000E+00     0.00000E+00     1.00000E+00     0.00000E+00     2.90000E+00     0.00000E+00
   D       0.23074      2.72135     1.03028E+00     4.41654E-01     1.00000E+00     0.00000E+00     1.00000E+00     0.00000E+00     2.90000E+00     0.00000E+00
   D       0.23352      2.72035     1.04269E+00     4.45947E-01     1.00000E+00     0.00000E+00     1.00000E+00     0.00000E+00     2.90000E+00     0.00000E+00
   D       0.23630      2.71935     1.05511E+00     4.50309E-01     1.00000E+00     0.00000E+00     1.00000E+00     0.00000E+00     2.90000E+00     0.00000E+00
   D       0.23908      2.71834     1.06752E+00     4.54738E-01     1.00000E+00     0.00000E+00     1.00000E+00     0.00000E+00     2.90000E+00     0.00000E+00
   D       0.24186      2.71732     1.07993E+00     4.59230E-01     1.00000E+00     0.00000E+00     1.00000E+00     0.00000E+00     2.90000E+00     0.00000E+00
   D       0.24464      2.71630     1.09235E+00     4.63781E-01     1.00000E+00     0.00000E+00     1.00000E+00     0.00000E+00     2.90000E+00     0.00000E+00
   D       0.24742      2.71527     1.10476E+00     4.68385E-01     1.00000E+00     0.00000E+00     1.00000E+00     0.00000E+00     2.90000E+00     0.00000E+00
   D       0.25020      2.71424     1.11717E+00     4.73036E-01     1.00000E+00     0.00000E+00     1.00000E+00     0.00000E+00     2.90000E+00     0.00000E+00
   D       0.25298      2.71321     1.12959E+00     4.77728E-01     1.00000E+00     0.00000E+00     1.00000E+00     0.00000E+00     2.90000E+00     0.00000E+00
   D       0.25576      2.71217     1.14200E+00     4.82453E-01     1.00000E+00     0.00000E+00     1.00000E+00     0.00000E+00     2.90000E+00     0.00000E+00
   D       0.25854      2.71113     1.15441E+00     4.87204E-01     1.00000E+00     0.00000E+00     1.00000E+00     0.00000E+00     2.90000E+00     0.00000E+00
   D       0.26132      2.71008     1.16682E+00     4.91974E-01     1.00000E+00     0.00000E+00     1.00000E+00     0.00000E+00     2.90000E+00     0.00000E+00
   D       0.26410      2.70903     1.17924E+00     4.96756E-01     1.00000E+00     0.00000E+00     1.00000E+00     0.00000E+00     2.90000E+00     0.00000E+00
   D       0.26688      2.70798     1.19165E+00     5.01544E-01     1.00000E+00     0.00000E+00     1.00000E+00     0.00000E+00     2.90000E+00     0.00000E+00
   D       0.26966      2.70693     1.20406E+00     5.06331E-01     1.00000E+00     0.00000E+00     1.00000E+00     0.00000E+00     2.90000E+00     0.00000E+00
   D       0.27244      2.70587     1.21648E+00     5.11112E-01     1.00000E+00     0.00000E+00     1.00000E+00     0.00000E+00     2.90000E+00     0.00000E+00
   D       0.27522      2.70480     1.22889E+00     5.15883E-01     1.00000E+00     0.00000E+00     1.00000E+00     0.00000E+00     2.90000E+00     0.00000E+00
   D       0.27800      2.70374     1.24130E+00     5.20640E-01     1.00000E+00     0.00000E+00     1.00000E+00     0.00000E+00     2.90000E+00     0.00000E+00
   D       0.28078      2.70266     1.25372E+00     5.25380E-01     1.00000E+00     0.00000E+00     1.00000E+00     0.00000E+00     2.90000E+00     0.00000E+00
   D       0.28356      2.70159     1.26613E+00     5.30101E-01     1.00000E+00     0.00000E+00     1.00000E+00     0.00000E+00     2.90000E+00     0.00000E+00
   D       0.28634      2.70050     1.27854E+00     5.34802E-01     1.00000E+00     0.00000E+00     1.00000E+00     0.00000E+00     2.90000E+00     0.00000E+00
   D       0.28912      2.69942     1.29096E+00     5.39481E-01     1.00000E+00     0.00000E+00     1.00000E+00     0.00000E+00     2.90000E+00     0.00000E+00
   D       0.29190      2.69832     1.30337E+00     5.44139E-01     1.00000E+00     0.00000E+00     1.00000E+00     0.00000E+00     2.90000E+00     0.00000E+00
   D       0.29468      2.69723     1.31578E+00     5.48775E-01     1.00000E+00     0.00000E+00     1.00000E+00     0.00000E+00     2.90000E+00     0.00000E+00
   D       0.29746      2.69613     1.32819E+00     5.53390E-01     1.00000E+00     0.00000E+00     1.00000E+00     0.00000E+00     2.90000E+00     0.00000E+00
   D       0.30024      2.69502     1.34061E+00     5.57985E-01     1.00000E+00     0.00000E+00     1.00000E+00     0.00000E+00     2.90000E+00     0.00000E+00
   D       0.30302      2.69391     1.35302E+00     5.62561E-01     1.00000E+00     0.00000E+00     1.00000E+00     0.00000E+00     2.90000E+00     0.00000E+00
   D       0.30580      2.69280     1.36543E+00     5.67121E-01     1.00000E+00     0.00000E+00     1.00000E+00     0.00000E+00     2.90000E+00     0.00000E+00
   D       0.30858      2.69169     1.37785E+00     5.71664E-01     1.00000E+00     0.00000E+00     1.00000E+00     0.00000E+00     2.90000E+00     0.00000E+00
   D       0.31136      2.69057     1.39026E+00     5.76195E-01     1.00000E+00     0.00000E+00     1.00000E+00     0.00000E+00     2.90000E+00     0.00000E+00
   D       0.31414      2.68945     1.40267E+00     5.80714E-01     1.00000E+00     0.00000E+00     1.00000E+00     0.00000E+00     2.90000E+00     0.00000E+00
   D       0.31692      2.68833     1.41509E+00     5.85224E-01     1.00000E+00     0.00000E+00     1.00000E+00     0.00000E+00     2.90000E+00     0.00000E+00
   D       0.31970      2.68721     1.42750E+00     5.89727E-01     1.00000E+00     0.00000E+00     1.00000E+00     0.00000E+00     2.90000E+00     0.00000E+00
   D       0.32248      2.68609     1.43991E+00     5.94226E-01     1.00000E+00     0.00000E+00     1.00000E+00     0.00000E+00     2.90000E+00     0.00000E+00
   D       0.32526      2.68496     1.45232E+00     5.98722E-01     1.00000E+00     0.00000E+00     1.00000E+00     0.00000E+00     2.90000E+00     0.00000E+00
   D       0.32804      2.68384     1.46474E+00     6.03219E-01     1.00000E+00     0.00000E+00     1.00000E+00     0.00000E+00     2.90000E+00     0.00000E+00
   D       0.33082      2.68273     1.47715E+00     6.07718E-01     1.00000E+00     0.00000E+00     1.00000E+00     0.00000E+00     2.90000E+00     0.00000E+00
   D       0.33360      2.68161     1.48956E+00     6.12222E-01     1.00000E+00     0.00000E+00     1.00000E+00     0.00000E+00     2.90000E+00     0.00000E+00
   D       0.33638      2.68050     1.50198E+00     6.16733E-01     1.00000E+00     0.00000E+00     1.00000E+00     0.00000E+00     2.90000E+00     0.00000E+00
   D       0.33916      2.67939     1.51439E+00     6.21255E-01     1.00000E+00     0.00000E+00     1.00000E+00     0.00000E+00     2.90000E+00     0.00000E+00
   D       0.34194      2.67828     1.52680E+00     6.25787E-01     1.00000E+00     0.00000E+00     1.00000E+00     0.00000E+00     2.90000E+00     0.00000E+00
   D       0.34472      2.67718     1.53922E+00     6.30334E-01     1.00000E+00     0.00000E+00     1.00000E+00     0.00000E+00     2.90000E+00     0.00000E+00
   D       0.34750      2.67608     1.55163E+00     6.34898E-01     1.00000E+00     0.00000E+00     1.00000E+00     0.00000E+00     2.90000E+00     0.00000E+00
   D       0.35028      2.67499     1.56404E+00     6.39479E-01     1.00000E+00     0.00000E+00     1.00000E+00     0.00000E+00     2.90000E+00     0.00000E+00
   D       0.35306      2.67390     1.57645E+00     6.44080E-01     1.00000E+00     0.00000E+00     1.00000E+00     0.00000E+00     2.90000E+00     0.00000E+00
   D       0.35584      2.67282     1.58887E+00     6.48703E-01     1.00000E+00     0.00000E+00     1.00000E+00     0.00000E+00     2.90000E+00     0.00000E+00
   D       0.35862      2.67174     1.60128E+00     6.53349E-01     1.00000E+00     0.00000E+00     1.00000E+00     0.00000E+00     2.90000E+00     0.00000E+00
   D       0.36140      2.67067     1.61369E+00     6.58020E-01     1.00000E+00     0.00000E+00     1.00000E+00     0.00000E+00     2.90000E+00     0.00000E+00
   D       0.36418      2.66961     1.62611E+00     6.62717E-01     1.00000E+00     0.00000E+00     1.00000E+00     0.00000E+00     2.90000E+00     0.00000E+00
   D       0.36696      2.66855     1.63852E+00     6.67440E-01     1.00000E+00     0.00000E+00     1.00000E+00     0.00000E+00     2.90000E+00     0.00000E+00
   D       0.36974      2.66749     1.65093E+00     6.72192E-01     1.00000E+00     0.00000E+00     1.00000E+00     0.00000E+00     2.90000E+00     0.00000E+00
   D       0.37252      2.66644     1.66335E+00     6.76972E-01     1.00000E+00     0.00000E+00     1.00000E+00     0.00000E+00     2.90000E+00     0.00000E+00
   D       0.37530      2.66540     1.67576E+00     6.81780E-01     1.00000E+00     0.00000E+00     1.00000E+00     0.00000E+00     2.90000E+00     0.00000E+00
   D       0.37808      2.66436     1.68817E+00     6.86617E-01     1.00000E+00     0.00000E+00     1.00000E+00     0.00000E+00     2.90000E+00     0.00000E+00
   D       0.38086      2.66332     1.70059E+00     6.91483E-01     1.00000E+00     0.00000E+00     1.00000E+00     0.00000E+00     2.90000E+00     0.00000E+00
   D       0.38364      2.66228     1.71300E+00     6.96377E-01     1.00000E+00     0.00000E+00     1.00000E+00     0.00000E+00     2.90000E+00     0.00000E+00
   D       0.38642      2.66124     1.72541E+00     7.01297E-01     1.00000E+00     0.00000E+00     1.00000E+00     0.00000E+00     2.90000E+00     0.00000E+00
   D       0.38920      2.66021     1.73782E+00     7.06244E-01     1.00000E+00     0.00000E+00     1.00000E+00     0.00000E+00     2.90000E+00     0.00000E+00
   D       0.39198      2.65917     1.75024E+00     7.11216E-01     1.00000E+00     0.00000E+00     1.00000E+00     0.00000E+00     2.90000E+00     0.00000E+00
   D       0.39476      2.65813     1.76265E+00     7.16212E-01     1.00000E+00     0.00000E+00     1.00000E+00     0.00000E+00     2.90000E+00     0.00000E+00
   D       0.39754      2.65708     1.77506E+00     7.21228E-01     1.00000E+00     0.00000E+00     1.00000E+00     0.00000E+00     2.90000E+00     0.00000E+00
   D       0.40032      2.65603     1.78748E+00     7.26265E-01     1.00000E+00     0.00000E+00     1.00000E+00     0.00000E+00     2.90000E+00     0.00000E+00
   D       0.40311      2.65498     1.79989E+00     7.31319E-01     1.00000E+00     0.00000E+00     1.00000E+00     0.00000E+00     2.90000E+00     0.00000E+00
   D       0.40589      2.65392     1.81230E+00     7.36387E-01     1.00000E+00     0.00000E+00     1.00000E+00     0.00000E+00     2.90000E+00     0.00000E+00
   D       0.40867      2.65284     1.82472E+00     7.41469E-01     1.00000E+00     0.00000E+00     1.00000E+00     0.00000E+00     2.90000E+00     0.00000E+00
   D       0.41145      2.65176     1.83713E+00     7.46560E-01     1.00000E+00     0.00000E+00     1.00000E+00     0.00000E+00     2.90000E+00     0.00000E+00
   D       0.41423      2.65067     1.84954E+00     7.51660E-01     1.00000E+00     0.00000E+00     1.00000E+00     0.00000E+00     2.90000E+00     0.00000E+00
   D       0.41701      2.64957     1.86195E+00     7.56764E-01     1.00000E+00     0.00000E+00     1.00000E+00     0.00000E+00     2.90000E+00     0.00000E+00
   D       0.41979      2.64845     1.87437E+00     7.61872E-01     1.00000E+00     0.00000E+00     1.00000E+00     0.00000E+00     2.90000E+00     0.00000E+00
   D       0.42257      2.64733     1.88678E+00     7.66980E-01     1.00000E+00     0.00000E+00     1.00000E+00     0.00000E+00     2.90000E+00     0.00000E+00
   D       0.42535      2.64619     1.89919E+00     7.72088E-01     1.00000E+00     0.00000E+00     1.00000E+00     0.00000E+00     2.90000E+00     0.00000E+00
   D       0.42813      2.64503     1.91161E+00     7.77192E-01     1.00000E+00     0.00000E+00     1.00000E+00     0.00000E+00     2.90000E+00     0.00000E+00
   D       0.43091      2.64386     1.92402E+00     7.82292E-01     1.00000E+00     0.00000E+00     1.00000E+00     0.00000E+00     2.90000E+00     0.00000E+00
   D       0.43369      2.64268     1.93643E+00     7.87387E-01     1.00000E+00     0.00000E+00     1.00000E+00     0.00000E+00     2.90000E+00     0.00000E+00
   D       0.43647      2.64149     1.94885E+00     7.92474E-01     1.00000E+00     0.00000E+00     1.00000E+00     0.00000E+00     2.90000E+00     0.00000E+00
   D       0.43925      2.64027     1.96126E+00     7.97554E-01     1.00000E+00     0.00000E+00     1.00000E+00     0.00000E+00     2.90000E+00     0.00000E+00
   D       0.44203      2.63905     1.97367E+00     8.02626E-01     1.00000E+00     0.00000E+00     1.00000E+00     0.00000E+00     2.90000E+00     0.00000E+00
   D       0.44481      2.63781     1.98609E+00     8.07690E-01     1.00000E+00     0.00000E+00     1.00000E+00     0.00000E+00     2.90000E+00     0.00000E+00
   D       0.44759      2.63655     1.99850E+00     8.12746E-01     1.00000E+00     0.00000E+00     1.00000E+00     0.00000E+00     2.90000E+00     0.00000E+00
   D       0.45037      2.63528     2.01091E+00     8.17795E-01     1.00000E+00     0.00000E+00     1.00000E+00     0.00000E+00     2.90000E+00     0.00000E+00
   D       0.45315      2.63399     2.02332E+00     8.22836E-01     1.00000E+00     0.00000E+00     1.00000E+00     0.00000E+00     2.90000E+00     0.00000E+00
   D       0.45593      2.63269     2.03574E+00     8.27872E-01     1.00000E+00     0.00000E+00     1.00000E+00     0.00000E+00     2.90000E+00     0.00000E+00
   D       0.45871      2.63138     2.04815E+00     8.32902E-01     1.00000E+00     0.00000E+00     1.00000E+00     0.00000E+00     2.90000E+00     0.00000E+00
   D       0.46149      2.63005     2.06056E+00     8.37930E-01     1.00000E+00     0.00000E+00     1.00000E+00     0.00000E+00     2.90000E+00     0.00000E+00
   D       0.46427      2.62871     2.07298E+00     8.42955E-01     1.00000E+00     0.00000E+00     1.00000E+00     0.00000E+00     2.90000E+00     0.00000E+00
   D       0.46705      2.62735     2.08539E+00     8.47981E-01     1.00000E+00     0.00000E+00     1.00000E+00     0.00000E+00     2.90000E+00     0.00000E+00
   D       0.46983      2.62598     2.09780E+00     8.53008E-01     1.00000E+00     0.00000E+00     1.00000E+00     0.00000E+00     2.90000E+00     0.00000E+00
   D       0.47261      2.62459     2.11022E+00     8.58040E-01     1.00000E+00     0.00000E+00     1.00000E+00     0.00000E+00     2.90000E+00     0.00000E+00
   D       0.47539      2.62319     2.12263E+00     8.63078E-01     1.00000E+00     0.00000E+00     1.00000E+00     0.00000E+00     2.90000E+00     0.00000E+00
   D       0.47817      2.62178     2.13504E+00     8.68125E-01     1.00000E+00     0.00000E+00     1.00000E+00     0.00000E+00     2.90000E+00     0.00000E+00
   D       0.48095      2.62035     2.14745E+00     8.73184E-01     1.00000E+00     0.00000E+00     1.00000E+00     0.00000E+00     2.90000E+00     0.00000E+00
   D       0.48373      2.61890     2.15987E+00     8.78256E-01     1.00000E+00     0.00000E+00     1.00000E+00     0.00000E+00     2.90000E+00     0.00000E+00
   D       0.48651      2.61745     2.17228E+00     8.83346E-01     1.00000E+00     0.00000E+00     1.00000E+00     0.00000E+00     2.90000E+00     0.00000E+00
   D       0.48929      2.61598     2.18469E+00     8.88455E-01     1.00000E+00     0.00000E+00     1.00000E+00     0.00000E+00     2.90000E+00     0.00000E+00
   D       0.49207      2.61449     2.19711E+00     8.93587E-01     1.00000E+00     0.00000E+00     1.00000E+00     0.00000E+00     2.90000E+00     0.00000E+00
   D       0.49485      2.61299     2.20952E+00     8.98745E-01     1.00000E+00     0.00000E+00     1.00000E+00     0.00000E+00     2.90000E+00     0.00000E+00
   D       0.49763      2.61147     2.22193E+00     9.03932E-01     1.00000E+00     0.00000E+00     1.00000E+00     0.00000E+00     2.90000E+00     0.00000E+00
   D       0.50041      2.60994     2.23435E+00     9.09152E-01     1.00000E+00     0.00000E+00     1.00000E+00     0.00000E+00     2.90000E+00     0.00000E+00
   D       0.50319      2.60839     2.24676E+00     9.14406E-01     1.00000E+00     0.00000E+00     1.00000E+00     0.00000E+00     2.90000E+00     0.00000E+00
   D       0.50597      2.60683     2.25917E+00     9.19700E-01     1.00000E+00     0.00000E+00     1.00000E+00     0.00000E+00     2.90000E+00     0.00000E+00
   D       0.50875      2.60525     2.27158E+00     9.25034E-01     1.00000E+00     0.00000E+00     1.00000E+00     0.00000E+00     2.90000E+00     0.00000E+00
   D       0.51153      2.60365     2.28400E+00     9.30414E-01     1.00000E+00     0.00000E+00     1.00000E+00     0.00000E+00     2.90000E+00     0.00000E+00
   D       0.51431      2.60204     2.29641E+00     9.35842E-01     1.00000E+00     0.00000E+00     1.00000E+00     0.00000E+00     2.90000E+00     0.00000E+00
   D       0.51709      2.60041     2.30882E+00     9.41320E-01     1.00000E+00     0.00000E+00     1.00000E+00     0.00000E+00     2.90000E+00     0.00000E+00
   D       0.51987      2.59876     2.32124E+00     9.46851E-01     1.00000E+00     0.00000E+00     1.00000E+00     0.00000E+00     2.90000E+00     0.00000E+00
   D       0.52265      2.59710     2.33365E+00     9.52439E-01     1.00000E+00     0.00000E+00     1.00000E+00     0.00000E+00     2.90000E+00     0.00000E+00
   D       0.52543      2.59541     2.34606E+00     9.58085E-01     1.00000E+00     0.00000E+00     1.00000E+00     0.00000E+00     2.90000E+00     0.00000E+00
   D       0.52821      2.59370     2.35848E+00     9.63791E-01     1.00000E+00     0.00000E+00     1.00000E+00     0.00000E+00     2.90000E+00     0.00000E+00
   D       0.53099      2.59198     2.37089E+00     9.69558E-01     1.00000E+00     0.00000E+00     1.00000E+00     0.00000E+00     2.90000E+00     0.00000E+00
   D       0.53377      2.59023     2.38330E+00     9.75389E-01     1.00000E+00     0.00000E+00     1.00000E+00     0.00000E+00     2.90000E+00     0.00000E+00
   D       0.53655      2.58846     2.39572E+00     9.81283E-01     1.00000E+00     0.00000E+00     1.00000E+00     0.00000E+00     2.90000E+00     0.00000E+00
   D       0.53933      2.58667     2.40813E+00     9.87240E-01     1.00000E+00     0.00000E+00     1.00000E+00     0.00000E+00     2.90000E+00     0.00000E+00
   D       0.54211      2.58486     2.42054E+00     9.93261E-01     1.00000E+00     0.00000E+00     1.00000E+00     0.00000E+00     2.90000E+00     0.00000E+00
   D       0.54489      2.58302     2.43295E+00     9.99343E-01     1.00000E+00     0.00000E+00     1.00000E+00     0.00000E+00     2.90000E+00     0.00000E+00
   D       0.54767      2.58117     2.44537E+00     1.00548E+00     1.00000E+00     0.00000E+00     1.00000E+00     0.00000E+00     2.90000E+00     0.00000E+00
   D       0.55045      2.57928     2.45778E+00     1.01168E+00     1.00000E+00     0.00000E+00     1.00000E+00     0.00000E+00     2.90000E+00     0.00000E+00
   D       0.55323      2.57737     2.47019E+00     1.01794E+00     1.00000E+00     0.00000E+00     1.00000E+00     0.00000E+00     2.90000E+00     0.00000E+00
   D       0.55601      2.57544     2.48261E+00     1.02424E+00     1.00000E+00     0.00000E+00     1.00000E+00     0.00000E+00     2.90000E+00     0.00000E+00
   D       0.55879      2.57349     2.49502E+00     1.03059E+00     1.00000E+00     0.00000E+00     1.00000E+00     0.00000E+00     2.90000E+00     0.00000E+00
   D       0.56157      2.57150     2.50743E+00     1.03698E+00     1.00000E+00     0.00000E+00     1.00000E+00     0.00000E+00     2.90000E+00     0.00000E+00
   D       0.56435      2.56950     2.51985E+00     1.04340E+00     1.00000E+00     0.00000E+00     1.00000E+00     0.00000E+00     2.90000E+00     0.00000E+00
   D       0.56713      2.56747     2.53226E+00     1.04985E+00     1.00000E+00     0.00000E+00     1.00000E+00     0.00000E+00     2.90000E+00     0.00000E+00
   D       0.56991      2.56542     2.54467E+00     1.05632E+00     1.00000E+00     0.00000E+00     1.00000E+00     0.00000E+00     2.90000E+00     0.00000E+00
   D       0.57269      2.56334     2.55708E+00     1.06281E+00     1.00000E+00     0.00000E+00     1.00000E+00     0.00000E+00     2.90000E+00     0.00000E+00
   D       0.57547      2.56124     2.56950E+00     1.06931E+00     1.00000E+00     0.00000E+00     1.00000E+00     0.00000E+00     2.90000E+00     0.00000E+00
   D       0.57825      2.55912     2.58191E+00     1.07581E+00     1.00000E+00     0.00000E+00     1.00000E+00     0.00000E+00     2.90000E+00     0.00000E+00
   D       0.58103      2.55698     2.59432E+00     1.08230E+00     1.00000E+00     0.00000E+00     1.00000E+00     0.00000E+00     2.90000E+00     0.00000E+00
   D       0.58381      2.55482     2.60674E+00     1.08879E+00     1.00000E+00     0.00000E+00     1.00000E+00     0.00000E+00     2.90000E+00     0.00000E+00
   D       0.58659      2.55264     2.61915E+00     1.09526E+00     1.00000E+00     0.00000E+00     1.00000E+00     0.00000E+00     2.90000E+00     0.00000E+00
   D       0.58937      2.55045     2.63156E+00     1.10172E+00     1.00000E+00     0.00000E+00     1.00000E+00     0.00000E+00     2.90000E+00     0.00000E+00
   D       0.59215      2.54824     2.64398E+00     1.10815E+00     1.00000E+00     0.00000E+00     1.00000E+00     0.00000E+00     2.90000E+00     0.00000E+00
   D       0.59493      2.54602     2.65639E+00     1.11455E+00     1.00000E+00     0.00000E+00     1.00000E+00     0.00000E+00     2.90000E+00     0.00000E+00
   D       0.59771      2.54378     2.66880E+00     1.12092E+00     1.00000E+00     0.00000E+00     1.00000E+00     0.00000E+00     2.90000E+00     0.00000E+00
   D       0.60049      2.54154     2.68121E+00     1.12726E+00     1.00000E+00     0.00000E+00     1.00000E+00     0.00000E+00     2.90000E+00     0.00000E+00
   D       0.60327      2.53928     2.69363E+00     1.13357E+00     1.00000E+00     0.00000E+00     1.00000E+00     0.00000E+00     2.90000E+00     0.00000E+00
   D       0.60605      2.53702     2.70604E+00     1.13984E+00     1.00000E+00     0.00000E+00     1.00000E+00     0.00000E+00     2.90000E+00     0.00000E+00
   D       0.60883      2.53475     2.71845E+00     1.14607E+00     1.00000E+00     0.00000E+00     1.00000E+00     0.00000E+00     2.90000E+00     0.00000E+00
   D       0.61161      2.53248     2.73087E+00     1.15227E+00     1.00000E+00     0.00000E+00     1.00000E+00     0.00000E+00     2.90000E+00     0.00000E+00
   D       0.61439      2.53020     2.74328E+00     1.15843E+00     1.00000E+00     0.00000E+00     1.00000E+00     0.00000E+00     2.90000E+00     0.00000E+00
   D       0.61717      2.52791     2.75569E+00     1.16455E+00     1.00000E+00     0.00000E+00     1.00000E+00     0.00000E+00     2.90000E+00     0.00000E+00
   D       0.61995      2.52563     2.76811E+00     1.17064E+00     1.00000E+00     0.00000E+00     1.00000E+00     0.00000E+00     2.90000E+00     2.99159E-08
   D       0.62273      2.52334     2.78052E+00     1.17669E+00     1.00000E+00     0.00000E+00     1.00000E+00     0.00000E+00     2.90000E+00     1.63019E-06
   D       0.62551      2.52105     2.79293E+00     1.18270E+00     1.00000E+00     0.00000E+00     1.00000E+00     0.00000E+00     2.90000E+00     7.03365E-06
   D       0.62829      2.51876     2.80535E+00     1.18869E+00     1.00000E+00     0.00000E+00     1.00000E+00     0.00000E+00     2.90000E+00     1.77130E-05
   D       0.63107      2.51647     2.81776E+00     1.19464E+00     1.00000E+00     0.00000E+00     1.00000E+00     0.00000E+00     2.90000E+00     3.49990E-05
   D       0.63385      2.51419     2.83017E+00     1.20056E+00     1.00000E+00     0.00000E+00     1.00000E+00     0.00000E+00     2.90000E+00     6.04233E-05
   D       0.63663      2.51190     2.84258E+00     1.20645E+00     1.00000E+00     0.00000E+00     1.00000E+00     0.00000E+00     2.90000E+00     9.55147E-05
   D       0.63941      2.50961     2.85500E+00     1.21232E+00     1.00000E+00     0.00000E+00     1.00000E+00     0.00000E+00     2.90000E+00     1.41553E-04
   D       0.64219      2.50733     2.86741E+00     1.21816E+00     1.00000E+00     0.00000E+00     1.00000E+00     0.00000E+00     2.90000E+00     1.99960E-04
   D       0.64497      2.50505     2.87982E+00     1.22397E+00     1.00000E+00     0.00000E+00     1.00000E+00     0.00000E+00     2.90000E+00     2.72245E-04
   D       0.64775      2.50277     2.89224E+00     1.22976E+00     1.00000E+00     0.00000E+00     1.00000E+00     0.00000E+00     2.90000E+00     3.59739E-04
   D       0.65053      2.50049     2.90465E+00     1.23553E+00     1.00000E+00     0.00000E+00     1.00000E+00     0.00000E+00     2.90000E+00     4.63699E-04
   D       0.65331      2.49826     2.91706E+00     1.24127E+00     1.00000E+00     0.00000E+00     1.00000E+00     0.00000E+00     2.90000E+00     5.85630E-04
   D       0.65610      2.49598     2.92953E+00     1.24702E+00     1.00000E+00     0.00000E+00     1.00000E+00     0.00000E+00     2.90000E+00     7.27478E-04
   D       0.65889      2.49370     2.94199E+00     1.25276E+00     1.00000E+00     0.00000E+00     1.00000E+00     0.00000E+00     2.90000E+00     8.89921E-04
   D       0.66168      2.49142     2.95446E+00     1.25849E+00     1.00000E+00     0.00000E+00     1.00000E+00     0.00000E+00     2.90000E+00     1.07438E-03
   D       0.66447      2.48914     2.96692E+00     1.26420E+00     1.00000E+00     0.00000E+00     1.00000E+00     0.00000E+00     2.90000E+00     1.28224E-03
   D       0.66727      2.48687     2.97939E+00     1.26990E+00     1.00000E+00     0.00000E+00     1.00000E+00     0.00000E+00     2.90000E+00     1.51461E-03
   D       0.67006      2.48459     2.99185E+00     1.27559E+00     1.00000E+00     0.00000E+00     1.00000E+00     0.00000E+00     2.90000E+00     1.77280E-03
   D       0.67285      2.48232     3.00432E+00     1.28128E+00     1.00000E+00     0.00000E+00     1.00000E+00     0.00000E+00     2.90000E+00     2.05819E-03
   D       0.67564      2.48004     3.01678E+00     1.28696E+00     1.00000E+00     0.00000E+00     1.00000E+00     0.00000E+00     2.90000E+00     2.37188E-03
   D       0.67843      2.47777     3.02925E+00     1.29263E+00     1.00000E+00     0.00000E+00     1.00000E+00     0.00000E+00     2.90000E+00     2.71506E-03
   D       0.68122      2.47549     3.04171E+00     1.29830E+00     1.00000E+00     0.00000E+00     1.00000E+00     0.00000E+00     2.90000E+00     3.08906E-03
   D       0.68402      2.47322     3.05418E+00     1.30397E+00     1.00000E+00     0.00000E+00     1.00000E+00     0.00000E+00     2.90000E+00     3.49508E-03
   D       0.68681      2.47094     3.06664E+00     1.30963E+00     1.00000E+00     0.00000E+00     1.00000E+00     0.00000E+00     2.90000E+00     3.93416E-03
   D       0.68960      2.46867     3.07911E+00     1.31529E+00     1.00000E+00     0.00000E+00     1.00000E+00     0.00000E+00     2.90000E+00     4.40759E-03
   D       0.69239      2.46639     3.09157E+00     1.32095E+00     1.00000E+00     0.00000E+00     1.00000E+00     0.00000E+00     2.90000E+00     4.91662E-03
   D       0.69518      2.46411     3.10404E+00     1.32662E+00     1.00000E+00     0.00000E+00     1.00000E+00     0.00000E+00     2.90000E+00     5.46234E-03
   D       0.69797      2.46184     3.11650E+00     1.33228E+00     1.00000E+00     0.00000E+00     1.00000E+00     0.00000E+00     2.90000E+00     6.04591E-03
   D       0.70077      2.45956     3.12897E+00     1.33795E+00     1.00000E+00     0.00000E+00     1.00000E+00     0.00000E+00     2.90000E+00     6.66859E-03
   D       0.70356      2.45727     3.14143E+00     1.34362E+00     1.00000E+00     0.00000E+00     1.00000E+00     0.00000E+00     2.90000E+00     7.33163E-03
   D       0.70635      2.45499     3.15390E+00     1.34929E+00     1.00000E+00     0.00000E+00     1.00000E+00     0.00000E+00     2.90000E+00     8.03626E-03
   D       0.70914      2.45271     3.16636E+00     1.35496E+00     1.00000E+00     0.00000E+00     1.00000E+00     0.00000E+00     2.90000E+00     8.78372E-03
   D       0.71193      2.45042     3.17883E+00     1.36064E+00     1.00000E+00     0.00000E+00     1.00000E+00     0.00000E+00     2.90000E+00     9.57535E-03
   D       0.71472      2.44814     3.19129E+00     1.36632E+00     1.00000E+00     0.00000E+00     1.00000E+00     0.00000E+00     2.90000E+00     1.04126E-02
   D       0.71752      2.44585     3.20376E+00     1.37200E+00     1.00000E+00     0.00000E+00     1.00000E+00     0.00000E+00     2.90000E+00     1.12969E-02
   D       0.72031      2.44356     3.21622E+00     1.37768E+00     1.00000E+00     0.00000E+00     1.00000E+00     0.00000E+00     2.90000E+00     1.22299E-02
   D       0.72310      2.44127     3.22869E+00     1.38336E+00     1.00000E+00     0.00000E+00     1.00000E+00     0.00000E+00     2.90000E+00     1.32133E-02
   D       0.72589      2.43897     3.24115E+00     1.38905E+00     1.00000E+00     0.00000E+00     1.00000E+00     0.00000E+00     2.90000E+00     1.42493E-02
   D       0.72868      2.43668     3.25362E+00     1.39473E+00     1.00000E+00     0.00000E+00     1.00000E+00     0.00000E+00     2.90000E+00     1.53403E-02
   D       0.73147      2.43438     3.26608E+00     1.40041E+00     1.00000E+00     0.00000E+00     1.00000E+00     2.55598E-07     2.90137E+00     1.64900E-02
   D       0.73427      2.43208     3.27855E+00     1.40608E+00     1.00000E+00     0.00000E+00     9.99949E-01     5.12015E-05     2.90144E+00     1.77063E-02
   D       0.73706      2.42978     3.29101E+00     1.41173E+00     1.00000E+00     0.00000E+00     9.99810E-01     1.90114E-04     2.90177E+00     1.89918E-02
   D       0.73985      2.42748     3.30348E+00     1.41736E+00     1.00000E+00     0.00000E+00     9.99583E-01     4.16555E-04     2.90208E+00     2.03457E-02
   D       0.74264      2.42518     3.31594E+00     1.42294E+00     1.00000E+00     0.00000E+00     9.99270E-01     7.29989E-04     2.90237E+00     2.17670E-02
   D       0.74543      2.42288     3.32841E+00     1.42850E+00     1.00000E+00     0.00000E+00     9.98870E-01     1.12979E-03     2.90267E+00     2.32548E-02
   D       0.74822      2.42058     3.34087E+00     1.43401E+00     1.00000E+00     0.00000E+00     9.98385E-01     1.61528E-03     2.90297E+00     2.48081E-02
   D       0.75102      2.41828     3.35334E+00     1.43948E+00     1.00000E+00     0.00000E+00     9.97814E-01     2.18570E-03     2.90329E+00     2.64259E-02
   D       0.75381      2.41597     3.36580E+00     1.44491E+00     1.00000E+00     0.00000E+00     9.97160E-01     2.84021E-03     2.90362E+00     2.81070E-02
   D       0.75660      2.41367     3.37827E+00     1.45029E+00     1.00000E+00     0.00000E+00     9.96422E-01     3.57796E-03     2.90397E+00     2.98506E-02
   D       0.75939      2.41137     3.39073E+00     1.45561E+00     1.00000E+00     0.00000E+00     9.95602E-01     4.39800E-03     2.90434E+00     3.16555E-02
   D       0.76218      2.40907     3.40320E+00     1.46089E+00     1.00000E+00     0.00000E+00     9.94701E-01     5.29935E-03     2.90474E+00     3.35207E-02
   D       0.76497      2.40677     3.41566E+00     1.46612E+00     1.00000E+00     0.00000E+00     9.93719E-01     6.28096E-03     2.90516E+00     3.54451E-02
   D       0.76777      2.40447     3.42813E+00     1.47128E+00     1.00000E+00     0.00000E+00     9.92658E-01     7.34174E-03     2.90560E+00     3.74277E-02
   D       0.77056      2.40217     3.44059E+00     1.47639E+00     1.00000E+00     0.00000E+00     9.91519E-01     8.48055E-03     2.90608E+00     3.94672E-02
   D       0.77335      2.39988     3.45306E+00     1.48144E+00     1.00000E+00     0.00000E+00     9.90304E-01     9.69620E-03     2.90658E+00     4.15627E-02
   D       0.77614      2.39758     3.46552E+00     1.48642E+00     1.00000E+00     0.00000E+00     9.89013E-01     1.09875E-02     2.90712E+00     4.37130E-02
   D       0.77893      2.39529     3.47799E+00     1.49134E+00     1.00000E+00     0.00000E+00     9.87647E-01     1.23530E-02     2.90770E+00     4.59170E-02
   D       0.78172      2.39301     3.49045E+00     1.49620E+00     1.00000E+00     0.00000E+00     9.86208E-01     1.37916E-02     2.90831E+00     4.81736E-02
   D       0.78452      2.39072     3.50292E+00     1.50098E+00     1.00000E+00     0.00000E+00     9.84698E-01     1.53018E-02     2.90896E+00     5.04817E-02
   D       0.78731      2.38845     3.51538E+00     1.50569E+00     1.00000E+00     0.00000E+00     9.83118E-01     1.68823E-02     2.90965E+00     5.28401E-02
   D       0.79010      2.38617     3.52785E+00     1.51033E+00     1.00000E+00     0.00000E+00     9.81469E-01     1.85315E-02     2.91039E+00     5.52478E-02
   D       0.79289      2.38391     3.54031E+00     1.51489E+00     1.00000E+00     0.00000E+00     9.79752E-01     2.02480E-02     2.91117E+00     5.77035E-02
   D       0.79568      2.38164     3.55278E+00     1.51937E+00     1.00000E+00     0.00000E+00     9.77970E-01     2.20301E-02     2.91200E+00     6.02063E-02
   D       0.79847      2.37939     3.56524E+00     1.52378E+00     1.00000E+00     0.00000E+00     9.76124E-01     2.38765E-02     2.91288E+00     6.27549E-02
   D       0.80127      2.37714     3.57771E+00     1.52810E+00     1.00000E+00     0.00000E+00     9.74215E-01     2.57854E-02     2.91382E+00     6.53482E-02
   D       0.80406      2.37490     3.59017E+00     1.53235E+00     1.00000E+00     0.00000E+00     9.72245E-01     2.77553E-02     2.91480E+00     6.79853E-02
   D       0.80685      2.37266     3.60264E+00     1.53652E+00     1.00000E+00     0.00000E+00     9.70215E-01     2.97847E-02     2.91585E+00     7.06649E-02
   D       0.80964      2.37043     3.61510E+00     1.54061E+00     1.00000E+00     0.00000E+00     9.68128E-01     3.18720E-02     2.91696E+00     7.33861E-02
   D       0.81243      2.36821     3.62757E+00     1.54464E+00     1.00000E+00     0.00000E+00     9.65984E-01     3.40157E-02     2.91813E+00     7.61478E-02
   D       0.81522      2.36599     3.64003E+00     1.54859E+00     1.00000E+00     0.00000E+00     9.63786E-01     3.62144E-02     2.91936E+00     7.89489E-02
   D       0.81802      2.36378     3.65250E+00     1.55247E+00     1.00000E+00     0.00000E+00     9.61533E-01     3.84667E-02     2.92066E+00     8.17885E-02
   D       0.82081      2.36158     3.66496E+00     1.55629E+00     1.00000E+00     0.00000E+00     9.59229E-01     4.07711E-02     2.92203E+00     8.46656E-02
   D       0.82360      2.35938     3.67743E+00     1.56005E+00     1.00000E+00     0.00000E+00     9.56874E-01     4.31263E-02     2.92348E+00     8.75793E-02
   D       0.82639      2.35719     3.68989E+00     1.56375E+00     1.00000E+00     0.00000E+00     9.54469E-01     4.55310E-02     2.92500E+00     9.05285E-02
   D       0.82918      2.35500     3.70236E+00     1.56738E+00     1.00000E+00     0.00000E+00     9.52016E-01     4.79838E-02     2.92660E+00     9.35124E-02
   D       0.83197      2.35282     3.71482E+00     1.57096E+00     1.00000E+00     0.00000E+00     9.49516E-01     5.04836E-02     2.92828E+00     9.65301E-02
   D       0.83477      2.35064     3.72729E+00     1.57449E+00     1.00000E+00     0.00000E+00     9.46971E-01     5.30292E-02     2.93005E+00     9.95806E-02
   D       0.83756      2.34847     3.73975E+00     1.57797E+00     1.00000E+00     0.00000E+00     9.44381E-01     5.56192E-02     2.93190E+00     1.02663E-01
   D       0.84035      2.34631     3.75222E+00     1.58139E+00     1.00000E+00     0.00000E+00     9.41747E-01     5.82527E-02     2.93385E+00     1.05777E-01
   D       0.84314      2.34415     3.76468E+00     1.58477E+00     1.00000E+00     0.00000E+00     9.39072E-01     6.09285E-02     2.93589E+00     1.08921E-01
   D       0.84593      2.34199     3.77715E+00     1.58810E+00     1.00000E+00     0.00000E+00     9.36355E-01     6.36455E-02     2.93804E+00     1.12094E-01
   D       0.84872      2.33984     3.78961E+00     1.59139E+00     1.00000E+00     0.00000E+00     9.33597E-01     6.64026E-02     2.94028E+00     1.15296E-01
   D       0.85152      2.33769     3.80208E+00     1.59463E+00     1.00000E+00     0.00000E+00     9.30801E-01     6.91988E-02     2.94263E+00     1.18526E-01
   D       0.85431      2.33554     3.81454E+00     1.59784E+00     1.00000E+00     0.00000E+00     9.27967E-01     7.20332E-02     2.94508E+00     1.21783E-01
   D       0.85710      2.33340     3.82701E+00     1.60101E+00     1.00000E+00     0.00000E+00     9.25095E-01     7.49048E-02     2.94765E+00     1.25067E-01
   D       0.85989      2.33126     3.83947E+00     1.60414E+00     1.00000E+00     0.00000E+00     9.22187E-01     7.78126E-02     2.95034E+00     1.28376E-01
   D       0.86268      2.32913     3.85194E+00     1.60723E+00     1.00000E+00     0.00000E+00     9.19244E-01     8.07557E-02     2.95314E+00     1.31709E-01
   D       0.86547      2.32699     3.86440E+00     1.61029E+00     1.00000E+00     0.00000E+00     9.16267E-01     8.37332E-02     2.95607E+00     1.35067E-01
   D       0.86827      2.32486     3.87686E+00     1.61332E+00     1.00000E+00     0.00000E+00     9.13256E-01     8.67443E-02     2.95913E+00     1.38448E-01
   D       0.87106      2.32273     3.88933E+00     1.61632E+00     1.00000E+00     0.00000E+00     9.10212E-01     8.97881E-02     2.96232E+00     1.41852E-01
   D       0.87385      2.32060     3.90179E+00     1.61928E+00     1.00000E+00     0.00000E+00     9.07136E-01     9.28637E-02     2.96565E+00     1.45278E-01
   D       0.87664      2.31848     3.91426E+00     1.62222E+00     1.00000E+00     0.00000E+00     9.04030E-01     9.59705E-02     2.96912E+00     1.48726E-01
   D       0.87943      2.31635     3.92672E+00     1.62513E+00     1.00000E+00     0.00000E+00     9.00892E-01     9.91076E-02     2.97273E+00     1.52194E-01
   D       0.88222      2.31422     3.93919E+00     1.62802E+00     1.00000E+00     0.00000E+00     8.97726E-01     1.02274E-01     2.97650E+00     1.55682E-01
   D       0.88502      2.31210     3.95165E+00     1.63088E+00     1.00000E+00     0.00000E+00     8.94530E-01     1.05470E-01     2.98041E+00     1.59189E-01
   D       0.88781      2.30998     3.96412E+00     1.63371E+00     1.00000E+00     0.00000E+00     8.91307E-01     1.08693E-01     2.98449E+00     1.62715E-01
   D       0.89060      2.30785     3.97658E+00     1.63652E+00     1.00000E+00     0.00000E+00     8.88056E-01     1.11944E-01     2.98873E+00     1.66259E-01
   D       0.89339      2.30573     3.98905E+00     1.63931E+00     1.00000E+00     0.00000E+00     8.84779E-01     1.15221E-01     2.99314E+00     1.69821E-01
   D       0.89618      2.30360     4.00151E+00     1.64208E+00     1.00000E+00     0.00000E+00     8.81476E-01     1.18524E-01     2.99772E+00     1.73400E-01
   D       0.89897      2.30147     4.01398E+00     1.64482E+00     1.00000E+00     0.00000E+00     8.78147E-01     1.21853E-01     3.00248E+00     1.76994E-01
   D       0.90177      2.29935     4.02644E+00     1.64755E+00     1.00000E+00     0.00000E+00     8.74794E-01     1.25206E-01     3.00742E+00     1.80605E-01
   D       0.90456      2.29722     4.03891E+00     1.65025E+00     1.00000E+00     0.00000E+00     8.71417E-01     1.28583E-01     3.01254E+00     1.84231E-01
   D       0.90735      2.29509     4.05137E+00     1.65294E+00     1.00000E+00     0.00000E+00     8.68016E-01     1.31984E-01     3.01786E+00     1.87871E-01
   D       0.91014      2.29295     4.06384E+00     1.65561E+00     1.00000E+00     0.00000E+00     8.64593E-01     1.35407E-01     3.02338E+00     1.91525E-01
   D       0.91293      2.29082     4.07630E+00     1.65826E+00     1.00000E+00     0.00000E+00     8.61147E-01     1.38853E-01     3.02910E+00     1.95193E-01
   D       0.91572      2.28868     4.08877E+00     1.66089E+00     1.00000E+00     0.00000E+00     8.57681E-01     1.42319E-01     3.03503E+00     1.98873E-01
   D       0.91852      2.28654     4.10123E+00     1.66351E+00     1.00000E+00     0.00000E+00     8.54193E-01     1.45807E-01     3.04116E+00     2.02566E-01
   D       0.92131      2.28439     4.11370E+00     1.66611E+00     1.00000E+00     0.00000E+00     8.50685E-01     1.49315E-01     3.04752E+00     2.06271E-01
   D       0.92410      2.28224     4.12616E+00     1.66870E+00     1.00000E+00     0.00000E+00     8.47157E-01     1.52843E-01     3.05409E+00     2.09987E-01
   D       0.92689      2.28009     4.13863E+00     1.67126E+00     1.00000E+00     0.00000E+00     8.43610E-01     1.56390E-01     3.06089E+00     2.13714E-01
   D       0.92968      2.27793     4.15109E+00     1.67382E+00     1.00000E+00     0.00000E+00     8.40045E-01     1.59955E-01     3.06792E+00     2.17451E-01
   D       0.93247      2.27577     4.16356E+00     1.67635E+00     1.00000E+00     0.00000E+00     8.36461E-01     1.63539E-01     3.07518E+00     2.21198E-01
   D       0.93527      2.27360     4.17602E+00     1.67888E+00     1.00000E+00     0.00000E+00     8.32861E-01     1.67139E-01     3.08269E+00     2.24954E-01
   D       0.93806      2.27143     4.18849E+00     1.68138E+00     1.00000E+00     0.00000E+00     8.29243E-01     1.70757E-01     3.09043E+00     2.28719E-01
   D       0.94085      2.26925     4.20095E+00     1.68388E+00     1.00000E+00     0.00000E+00     8.25609E-01     1.74391E-01     3.09843E+00     2.32492E-01
   D       0.94364      2.26707     4.21342E+00     1.68636E+00     1.00000E+00     0.00000E+00     8.21959E-01     1.78041E-01     3.10667E+00     2.36274E-01
   D       0.94643      2.26487     4.22588E+00     1.68882E+00     1.00000E+00     0.00000E+00     8.18293E-01     1.81707E-01     3.11516E+00     2.40063E-01
   D       0.94922      2.26267     4.23835E+00     1.69128E+00     1.00000E+00     0.00000E+00     8.14613E-01     1.85387E-01     3.12391E+00     2.43858E-01
   D       0.95202      2.26047     4.25081E+00     1.69371E+00     1.00000E+00     0.00000E+00     8.10919E-01     1.89081E-01     3.13292E+00     2.47661E-01
   D       0.95481      2.25825     4.26328E+00     1.69614E+00     1.00000E+00     0.00000E+00     8.07211E-01     1.92789E-01     3.14219E+00     2.51469E-01
   D       0.95760      2.25603     4.27574E+00     1.69855E+00     1.00000E+00     0.00000E+00     8.03489E-01     1.96511E-01     3.15172E+00     2.55283E-01
   D       0.96039      2.25379     4.28821E+00     1.70095E+00     1.00000E+00     0.00000E+00     7.99755E-01     2.00245E-01     3.16152E+00     2.59103E-01
   D       0.96318      2.25155     4.30067E+00     1.70334E+00     1.00000E+00     0.00000E+00     7.96009E-01     2.03991E-01     3.17158E+00     2.62927E-01
   D       0.96597      2.24930     4.31314E+00     1.70571E+00     1.00000E+00     0.00000E+00     7.92251E-01     2.07749E-01     3.18191E+00     2.66756E-01
   D       0.96877      2.24703     4.32560E+00     1.70808E+00     1.00000E+00     0.00000E+00     7.88481E-01     2.11519E-01     3.19250E+00     2.70589E-01
   D       0.97156      2.24475     4.33807E+00     1.71043E+00     1.00000E+00     0.00000E+00     7.84701E-01     2.15299E-01     3.20336E+00     2.74426E-01
   D       0.97435      2.24246     4.35053E+00     1.71277E+00     1.00000E+00     0.00000E+00     7.80911E-01     2.19089E-01     3.21448E+00     2.78266E-01
   D       0.97714      2.24016     4.36300E+00     1.71510E+00     1.00000E+00     0.00000E+00     7.77110E-01     2.22890E-01     3.22585E+00     2.82109E-01
   D       0.97993      2.23785     4.37546E+00     1.71741E+00     1.00000E+00     0.00000E+00     7.73300E-01     2.26700E-01     3.23749E+00     2.85955E-01
   D       0.98272      2.23551     4.38793E+00     1.71972E+00     1.00000E+00     0.00000E+00     7.69482E-01     2.30518E-01     3.24938E+00     2.89803E-01
   D       0.98552      2.23317     4.40039E+00     1.72202E+00     1.00000E+00     0.00000E+00     7.65654E-01     2.34346E-01     3.26152E+00     2.93653E-01
   D       0.98831      2.23081     4.41286E+00     1.72431E+00     1.00000E+00     0.00000E+00     7.61819E-01     2.38181E-01     3.27391E+00     2.97505E-01
   D       0.99110      2.22842     4.42532E+00     1.72659E+00     1.00000E+00     0.00000E+00     7.57976E-01     2.42024E-01     3.28653E+00     3.01358E-01
   D       0.99389      2.22603     4.43779E+00     1.72887E+00     1.00000E+00     0.00000E+00     7.54125E-01     2.45875E-01     3.29939E+00     3.05212E-01
   D       0.99668      2.22361     4.45025E+00     1.73113E+00     1.00000E+00     0.00000E+00     7.50268E-01     2.49732E-01     3.31247E+00     3.09067E-01
   D       0.99947      2.22117     4.46272E+00     1.73339E+00     1.00000E+00     0.00000E+00     7.46404E-01     2.53596E-01     3.32577E+00     3.12922E-01
   D       1.00227      2.21871     4.47518E+00     1.73565E+00     1.00000E+00     0.00000E+00     7.42534E-01     2.57466E-01     3.33928E+00     3.16777E-01
   D       1.00506      2.21623     4.48765E+00     1.73789E+00     1.00000E+00     0.00000E+00     7.38658E-01     2.61342E-01     3.35298E+00     3.20633E-01
   D       1.00785      2.21373     4.50011E+00     1.74014E+00     1.00000E+00     0.00000E+00     7.34777E-01     2.65223E-01     3.36687E+00     3.24488E-01
   D       1.01064      2.21120     4.51258E+00     1.74238E+00     1.00000E+00     0.00000E+00     7.30890E-01     2.69110E-01     3.38093E+00     3.28343E-01
   D       1.01343      2.20864     4.52504E+00     1.74462E+00     1.00000E+00     0.00000E+00     7.26999E-01     2.73001E-01     3.39515E+00     3.32197E-01
   D       1.01622      2.20606     4.53751E+00     1.74686E+00     1.00000E+00     0.00000E+00     7.23104E-01     2.76896E-01     3.40951E+00     3.36049E-01
   D       1.01902      2.20344     4.54997E+00     1.74909E+00     1.00000E+00     0.00000E+00     7.19204E-01     2.80796E-01     3.42401E+00     3.39901E-01
   D       1.02181      2.20080     4.56244E+00     1.75133E+00     1.00000E+00     0.00000E+00     7.15301E-01     2.84699E-01     3.43862E+00     3.43751E-01
   D       1.02459      2.19804     4.57485E+00     1.75359E+00     1.00000E+00     0.00000E+00     7.11410E-01     2.88590E-01     3.45343E+00     3.47584E-01
   D       1.02737      2.19532     4.58726E+00     1.75584E+00     1.00000E+00     0.00000E+00     7.07515E-01     2.92485E-01     3.46824E+00     3.51415E-01
   D       1.03015      2.19257     4.59968E+00     1.75810E+00     1.00000E+00     0.00000E+00     7.03618E-01     2.96382E-01     3.48311E+00     3.55245E-01
   D       1.03293      2.18978     4.61209E+00     1.76035E+00     1.00000E+00     0.00000E+00     6.99717E-01     3.00283E-01     3.49800E+00     3.59072E-01
   D       1.03571      2.18696     4.62450E+00     1.76261E+00     1.00000E+00     0.00000E+00     6.95814E-01     3.04186E-01     3.51291E+00     3.62897E-01
   D       1.03849      2.18429     4.63692E+00     1.76488E+00     1.00000E+00     0.00000E+00     6.91908E-01     3.08092E-01     3.52766E+00     3.66720E-01
   D       1.04127      2.18158     4.64933E+00     1.76716E+00     1.00000E+00     0.00000E+00     6.88000E-01     3.12000E-01     3.54239E+00     3.70541E-01
   D       1.04405      2.17876     4.66174E+00     1.76947E+00     1.00000E+00     0.00000E+00     6.84090E-01     3.15910E-01     3.55712E+00     3.74359E-01
   D       1.04683      2.17583     4.67416E+00     1.77180E+00     1.00000E+00     0.00000E+00     6.80177E-01     3.19823E-01     3.57185E+00     3.78175E-01
   D       1.04961      2.17283     4.68657E+00     1.77415E+00     1.00000E+00     0.00000E+00     6.76262E-01     3.23738E-01     3.58652E+00     3.81989E-01
   D       1.05239      2.16974     4.69898E+00     1.77653E+00     1.00000E+00     0.00000E+00     6.72346E-01     3.27654E-01     3.60112E+00     3.85800E-01
   D       1.05517      2.16656     4.71139E+00     1.77895E+00     1.00000E+00     0.00000E+00     6.68427E-01     3.31573E-01     3.61562E+00     3.89609E-01
   D       1.05795      2.16328     4.72381E+00     1.78139E+00     1.00000E+00     0.00000E+00     6.64505E-01     3.35495E-01     3.62998E+00     3.93415E-01
   D       1.06073      2.15991     4.73622E+00     1.78388E+00     1.00000E+00     0.00000E+00     6.60582E-01     3.39418E-01     3.64419E+00     3.97220E-01
   D       1.06351      2.15642     4.74863E+00     1.78642E+00     1.00000E+00     0.00000E+00     6.56656E-01     3.43344E-01     3.65823E+00     4.01022E-01
   D       1.06629      2.15281     4.76105E+00     1.78900E+00     1.00000E+00     0.00000E+00     6.52727E-01     3.47273E-01     3.67206E+00     4.04822E-01
   D       1.06907      2.14908     4.77346E+00     1.79163E+00     1.00000E+00     0.00000E+00     6.48796E-01     3.51204E-01     3.68563E+00     4.08621E-01
   D       1.07185      2.14521     4.78587E+00     1.79433E+00     1.00000E+00     0.00000E+00     6.44862E-01     3.55138E-01     3.69889E+00     4.12418E-01
   D       1.07463      2.14119     4.79829E+00     1.79709E+00     1.00000E+00     0.00000E+00     6.40925E-01     3.59075E-01     3.71182E+00     4.16214E-01
   D       1.07741      2.13701     4.81070E+00     1.79992E+00     1.00000E+00     0.00000E+00     6.36984E-01     3.63016E-01     3.72430E+00     4.20008E-01
   D       1.08019      2.13264     4.82311E+00     1.80284E+00     1.00000E+00     0.00000E+00     6.33039E-01     3.66961E-01     3.73625E+00     4.23802E-01
   D       1.08297      2.12806     4.83552E+00     1.80586E+00     1.00000E+00     0.00000E+00     6.29089E-01     3.70911E-01     3.74741E+00     4.27595E-01
   D       1.08575      2.12322     4.84794E+00     1.80900E+00     1.00000E+00     0.00000E+00     6.25134E-01     3.74866E-01     3.75735E+00     4.31388E-01
   D       1.08853      2.11806     4.86035E+00     1.81230E+00     1.00000E+00     0.00000E+00     6.21173E-01     3.78827E-01     3.76480E+00     4.35182E-01
   D       1.09131      2.11239     4.87276E+00     1.81586E+00     1.00000E+00     0.00000E+00     6.17205E-01     3.82795E-01     3.76330E+00     4.38978E-01
   D       1.09409      2.10585     4.88518E+00     1.81993E+00     1.00000E+00     0.00000E+00     6.13225E-01     3.86775E-01     3.71268E+00     4.42777E-01
   D       1.09687      2.09985     4.89759E+00     1.82376E+00     1.00000E+00     0.00000E+00     6.09232E-01     3.90768E-01     3.72876E+00     4.46582E-01
   D       1.09965      2.09389     4.91000E+00     1.82744E+00     1.00000E+00     0.00000E+00     6.05231E-01     3.94769E-01     3.74490E+00     4.50388E-01
   D       1.10243      2.08785     4.92242E+00     1.83109E+00     1.00000E+00     0.00000E+00     6.01222E-01     3.98778E-01     3.76058E+00     4.54196E-01
   D       1.10521      2.08165     4.93483E+00     1.83474E+00     1.00000E+00     0.00000E+00     5.97205E-01     4.02795E-01     3.77555E+00     4.58005E-01
   D       1.10799      2.07526     4.94724E+00     1.83841E+00     1.00000E+00     0.00000E+00     5.93182E-01     4.06818E-01     3.78971E+00     4.61813E-01
   D       1.11077      2.06867     4.95966E+00     1.84210E+00     1.00000E+00     0.00000E+00     5.89152E-01     4.10848E-01     3.80295E+00     4.65622E-01
   D       1.11355      2.06184     4.97207E+00     1.84584E+00     1.00000E+00     0.00000E+00     5.85116E-01     4.14884E-01     3.81522E+00     4.69431E-01
   D       1.11633      2.05475     4.98448E+00     1.84960E+00     1.00000E+00     0.00000E+00     5.81074E-01     4.18926E-01     3.82648E+00     4.73239E-01
   D       1.11911      2.04741     4.99689E+00     1.85340E+00     1.00000E+00     0.00000E+00     5.77027E-01     4.22973E-01     3.83672E+00     4.77048E-01
   D       1.12189      2.03980     5.00931E+00     1.85723E+00     1.00000E+00     0.00000E+00     5.72973E-01     4.27027E-01     3.84593E+00     4.80856E-01
   D       1.12467      2.03194     5.02172E+00     1.86108E+00     1.00000E+00     0.00000E+00     5.68914E-01     4.31086E-01     3.85413E+00     4.84663E-01
   D       1.12745      2.02437     5.03413E+00     1.86481E+00     1.00000E+00     0.00000E+00     5.64851E-01     4.35149E-01     3.86114E+00     4.88471E-01
   D       1.13023      2.01737     5.04655E+00     1.86830E+00     1.00000E+00     0.00000E+00     5.60785E-01     4.39215E-01     3.86687E+00     4.92279E-01
   D       1.13301      2.01090     5.05896E+00     1.87156E+00     1.00000E+00     0.00000E+00     5.56719E-01     4.43281E-01     3.87155E+00     4.96087E-01
