   C         3.371     0.00000E+00     0.00        1     1.74442E+00     7.93302E-01     2.90163E+00     1.00000E+00        7     1.73525E+00     7.59827E-01     2.90102E+00     1.00000E+00       13     1.72607E+00     7.28154E-01     2.90069E+00     1.00000E+00       19     1.72069E+00     7.12482E-01     2.90059E+00     1.00000E+00       26     1.72434E+00     7.30780E-01     2.90081E+00     1.00000E+00  
   C         3.371     0.00000E+00     0.79        1     1.74442E+00     7.93302E-01     2.90163E+00     1.00000E+00        7     1.73525E+00     7.59827E-01     2.90102E+00     1.00000E+00       13     1.72607E+00     7.28154E-01     2.90069E+00     1.00000E+00       19     1.72069E+00     7.12482E-01     2.90059E+00     1.00000E+00       26     1.72434E+00     7.30780E-01     2.90081E+00     1.00000E+00  
   C         3.371     0.00000E+00     2.37        1     1.74462E+00     7.93491E-01     2.90172E+00     1.00000E+00        7     1.73545E+00     7.60029E-01     2.90108E+00     1.00000E+00       13     1.72627E+00     7.28367E-01     2.90073E+00     1.00000E+00       19     1.72089E+00     7.12699E-01     2.90063E+00     1.00000E+00       26     1.72454E+00     7.30992E-01     2.90086E+00     1.00000E+00  
   C         3.371     0.00000E+00     3.95        1     1.74502E+00     7.93870E-01     2.90190E+00     1.00000E+00        7     1.73585E+00     7.60434E-01     2.90120E+00     1.00000E+00       13     1.72667E+00     7.28792E-01     2.90081E+00     1.00000E+00       19     1.72129E+00     7.13132E-01     2.90070E+00     1.00000E+00       26     1.72494E+00     7.31415E-01     2.90095E+00     1.00000E+00  
   C         3.371     0.00000E+00     5.53        1     1.74562E+00     7.94436E-01     2.90218E+00     1.00000E+00        7     1.73645E+00     7.61041E-01     2.90139E+00     1.00000E+00       13     1.72727E+00     7.29429E-01     2.90095E+00     1.00000E+00       19     1.72189E+00     7.13782E-01     2.90082E+00     1.00000E+00       26     1.72554E+00     7.32049E-01     2.90110E+00     1.00000E+00  
   C         3.371     0.00000E+00     7.11        1     1.74642E+00     7.95190E-01     2.90257E+00     1.00000E+00        7     1.73725E+00     7.61847E-01     2.90166E+00     1.00000E+00       13     1.72807E+00     7.30276E-01     2.90114E+00     1.00000E+00       19     1.72270E+00     7.14646E-01     2.90098E+00     1.00000E+00       26     1.72634E+00     7.32893E-01     2.90131E+00     1.00000E+00  
   C         3.371     0.00000E+00     8.68        1     1.74742E+00     7.96128E-01     2.90310E+00     1.00000E+00        7     1.73826E+00     7.62852E-01     2.90202E+00     1.00000E+00       13     1.72908E+00     7.31332E-01     2.90140E+00     1.00000E+00       19     1.72370E+00     7.15723E-01     2.90121E+00     1.00000E+00       26     1.72734E+00     7.33946E-01     2.90160E+00     1.00000E+00  
   C         3.371     0.00000E+00    10.26        1     1.74862E+00     7.97250E-01     2.90378E+00     1.00000E+00        7     1.73946E+00     7.64054E-01     2.90249E+00     1.00000E+00       13     1.73029E+00     7.32596E-01     2.90174E+00     1.00000E+00       19     1.72490E+00     7.17012E-01     2.90151E+00     1.00000E+00       26     1.72855E+00     7.35204E-01     2.90197E+00     1.00000E+00  
   C         3.371     0.00000E+00    11.84        1     1.75002E+00     7.98553E-01     2.90466E+00     1.00000E+00        7     1.74087E+00     7.65451E-01     2.90310E+00     1.00000E+00       13     1.73169E+00     7.34064E-01     2.90218E+00     1.00000E+00       19     1.72631E+00     7.18510E-01     2.90189E+00     1.00000E+00       26     1.72995E+00     7.36666E-01     2.90246E+00     1.00000E+00  
   C         3.371     0.00000E+00    13.42        1     1.75163E+00     8.00033E-01     2.90575E+00     1.00000E+00        7     1.74248E+00     7.67039E-01     2.90387E+00     1.00000E+00       13     1.73331E+00     7.35735E-01     2.90274E+00     1.00000E+00       19     1.72793E+00     7.20216E-01     2.90238E+00     1.00000E+00       26     1.73156E+00     7.38330E-01     2.90307E+00     1.00000E+00  
   C         3.371     0.00000E+00    15.00        1     1.75344E+00     8.01688E-01     2.90712E+00     1.00000E+00        7     1.74429E+00     7.68815E-01     2.90484E+00     1.00000E+00       13     1.73512E+00     7.37605E-01     2.90346E+00     1.00000E+00       19     1.72974E+00     7.22125E-01     2.90301E+00     1.00000E+00       26     1.73337E+00     7.40193E-01     2.90385E+00     1.00000E+00  
   C         3.371     0.00000E+00    16.58        1     1.75545E+00     8.03514E-01     2.90882E+00     1.00000E+00        7     1.74631E+00     7.70776E-01     2.90606E+00     1.00000E+00       13     1.73715E+00     7.39671E-01     2.90436E+00     1.00000E+00       19     1.73176E+00     7.24234E-01     2.90380E+00     1.00000E+00       26     1.73539E+00     7.42250E-01     2.90483E+00     1.00000E+00  
   C         3.371     0.00000E+00    18.16        1     1.75767E+00     8.05507E-01     2.91092E+00     1.00000E+00        7     1.74853E+00     7.72919E-01     2.90759E+00     1.00000E+00       13     1.73938E+00     7.41929E-01     2.90550E+00     1.00000E+00       19     1.73399E+00     7.26542E-01     2.90480E+00     1.00000E+00       26     1.73762E+00     7.44499E-01     2.90605E+00     1.00000E+00  
   C         3.371     0.00000E+00    19.74        1     1.76010E+00     8.07663E-01     2.91351E+00     1.00000E+00        7     1.75097E+00     7.75238E-01     2.90949E+00     1.00000E+00       13     1.74181E+00     7.44376E-01     2.90693E+00     1.00000E+00       19     1.73643E+00     7.29042E-01     2.90607E+00     1.00000E+00       26     1.74005E+00     7.46936E-01     2.90758E+00     1.00000E+00  
   C         3.371     0.00000E+00    21.32        1     1.76273E+00     8.09976E-01     2.91667E+00     1.00000E+00        7     1.75361E+00     7.77730E-01     2.91185E+00     1.00000E+00       13     1.74446E+00     7.47007E-01     2.90873E+00     1.00000E+00       19     1.73908E+00     7.31731E-01     2.90765E+00     1.00000E+00       26     1.74269E+00     7.49555E-01     2.90949E+00     1.00000E+00  
   C         3.371     0.00000E+00    22.89        1     1.76558E+00     8.12442E-01     2.92054E+00     1.00000E+00        7     1.75646E+00     7.80389E-01     2.91476E+00     1.00000E+00       13     1.74732E+00     7.49817E-01     2.91097E+00     1.00000E+00       19     1.74194E+00     7.34606E-01     2.90963E+00     1.00000E+00       26     1.74554E+00     7.52353E-01     2.91186E+00     1.00000E+00  
   C         3.371     0.00000E+00    24.47        1     1.76863E+00     8.15056E-01     2.92524E+00     1.00000E+00        7     1.75952E+00     7.83210E-01     2.91835E+00     1.00000E+00       13     1.75039E+00     7.52801E-01     2.91375E+00     1.00000E+00       19     1.74501E+00     7.37659E-01     2.91211E+00     1.00000E+00       26     1.74861E+00     7.55325E-01     2.91480E+00     1.00000E+00  
   C         3.371     0.00000E+00    26.05        1     1.77190E+00     8.17811E-01     2.93093E+00     1.00000E+00        7     1.76280E+00     7.86188E-01     2.92276E+00     1.00000E+00       13     1.75368E+00     7.55955E-01     2.91721E+00     1.00000E+00       19     1.74830E+00     7.40888E-01     2.91520E+00     1.00000E+00       26     1.75189E+00     7.58464E-01     2.91842E+00     1.00000E+00  
   C         3.371     0.00000E+00    27.63        1     1.77539E+00     8.20702E-01     2.93781E+00     1.00000E+00        7     1.76629E+00     7.89317E-01     2.92816E+00     1.00000E+00       13     1.75718E+00     7.59272E-01     2.92149E+00     1.00000E+00       19     1.75180E+00     7.44285E-01     2.91903E+00     1.00000E+00       26     1.75538E+00     7.61766E-01     2.92289E+00     1.00000E+00  
   C         3.371     0.00000E+00    29.21        1     1.77909E+00     8.23722E-01     2.94608E+00     1.00000E+00        7     1.77000E+00     7.92590E-01     2.93475E+00     1.00000E+00       13     1.76090E+00     7.62746E-01     2.92677E+00     1.00000E+00       19     1.75552E+00     7.47846E-01     2.92378E+00     1.00000E+00       26     1.75909E+00     7.65224E-01     2.92838E+00     1.00000E+00  
   C         3.371     0.00000E+00    30.79        1     1.78300E+00     8.26866E-01     2.95599E+00     1.00000E+00        7     1.77393E+00     7.96002E-01     2.94275E+00     1.00000E+00       13     1.76484E+00     7.66372E-01     2.93326E+00     1.00000E+00       19     1.75946E+00     7.51564E-01     2.92964E+00     1.00000E+00       26     1.76303E+00     7.68833E-01     2.93510E+00     1.00000E+00  
   C         3.371     0.00000E+00    32.37        1     1.78714E+00     8.30125E-01     2.96782E+00     1.00000E+00        7     1.77808E+00     7.99545E-01     2.95245E+00     1.00000E+00       13     1.76900E+00     7.70142E-01     2.94122E+00     1.00000E+00       19     1.76363E+00     7.55432E-01     2.93686E+00     1.00000E+00       26     1.76718E+00     7.72585E-01     2.94330E+00     1.00000E+00  
   C         3.371     0.00000E+00    33.95        1     1.79151E+00     8.33494E-01     2.98187E+00     1.00000E+00        7     1.78245E+00     8.03212E-01     2.96415E+00     1.00000E+00       13     1.77339E+00     7.74051E-01     2.95095E+00     1.00000E+00       19     1.76802E+00     7.59445E-01     2.94573E+00     1.00000E+00       26     1.77156E+00     7.76475E-01     2.95328E+00     1.00000E+00  
   C         3.371     0.00000E+00    35.53        1     1.79610E+00     8.36964E-01     2.99850E+00     1.00000E+00        7     1.78705E+00     8.06997E-01     2.97822E+00     1.00000E+00       13     1.77801E+00     7.78090E-01     2.96281E+00     1.00000E+00       19     1.77264E+00     7.63596E-01     2.95659E+00     1.00000E+00       26     1.77617E+00     7.80494E-01     2.96539E+00     1.00000E+00  
   C         3.371     0.00000E+00    37.11        1     1.80091E+00     8.40528E-01     3.01809E+00     1.00000E+00        7     1.79188E+00     8.10892E-01     2.99505E+00     1.00000E+00       13     1.78285E+00     7.82254E-01     2.97719E+00     1.00000E+00       19     1.77749E+00     7.67876E-01     2.96984E+00     1.00000E+00       26     1.78101E+00     7.84636E-01     2.98002E+00     1.00000E+00  
   C         3.371     0.00000E+00    38.68        1     1.80596E+00     8.44180E-01     3.04107E+00     1.00000E+00        7     1.79694E+00     8.14890E-01     3.01512E+00     1.00000E+00       13     1.78793E+00     7.86533E-01     2.99457E+00     1.00000E+00       19     1.78258E+00     7.72280E-01     2.98595E+00     1.00000E+00       26     1.78608E+00     7.88894E-01     2.99765E+00     1.00000E+00  
   C         3.371     0.00000E+00    40.26        1     1.81124E+00     8.47910E-01     3.06792E+00     1.00000E+00        7     1.80223E+00     8.18982E-01     3.03895E+00     1.00000E+00       13     1.79324E+00     7.90922E-01     3.01552E+00     1.00000E+00       19     1.78790E+00     7.76799E-01     3.00548E+00     1.00000E+00       26     1.79138E+00     7.93259E-01     3.01881E+00     1.00000E+00  
   C         3.371     0.00000E+00    41.84        1     1.81676E+00     8.51711E-01     3.09913E+00     1.00000E+00        7     1.80776E+00     8.23161E-01     3.06713E+00     1.00000E+00       13     1.79880E+00     7.95411E-01     3.04067E+00     1.00000E+00       19     1.79346E+00     7.81426E-01     3.02909E+00     1.00000E+00       26     1.79693E+00     7.97724E-01     3.04413E+00     1.00000E+00  
   C         3.371     0.00000E+00    43.42        1     1.82252E+00     8.55576E-01     3.13528E+00     1.00000E+00        7     1.81353E+00     8.27418E-01     3.10031E+00     1.00000E+00       13     1.80459E+00     7.99993E-01     3.07076E+00     1.00000E+00       19     1.79927E+00     7.86152E-01     3.05752E+00     1.00000E+00       26     1.80271E+00     8.02280E-01     3.07430E+00     1.00000E+00  
   C         3.371     0.00000E+00    45.00        1     1.82852E+00     8.59496E-01     3.17695E+00     1.00000E+00        7     1.81955E+00     8.31746E-01     3.13924E+00     1.00000E+00       13     1.81063E+00     8.04660E-01     3.10663E+00     1.00000E+00       19     1.80532E+00     7.90970E-01     3.09168E+00     1.00000E+00       26     1.80874E+00     8.06920E-01     3.11017E+00     1.00000E+00  
   C         3.371     0.00000E+00    46.58        1     1.83477E+00     8.63462E-01     3.22481E+00     1.00000E+00        7     1.82581E+00     8.36136E-01     3.18476E+00     1.00000E+00       13     1.81692E+00     8.09403E-01     3.14928E+00     1.00000E+00       19     1.81162E+00     7.95872E-01     3.13262E+00     1.00000E+00       26     1.81502E+00     8.11635E-01     3.15269E+00     1.00000E+00  
   C         3.371     0.00000E+00    48.16        1     1.84126E+00     8.67468E-01     3.27952E+00     1.00000E+00        7     1.83232E+00     8.40579E-01     3.23779E+00     1.00000E+00       13     1.82346E+00     8.14214E-01     3.19986E+00     1.00000E+00       19     1.81817E+00     8.00848E-01     3.18156E+00     1.00000E+00       26     1.82155E+00     8.16418E-01     3.20298E+00     1.00000E+00  
   C         3.371     0.00000E+00    49.74        1     1.84801E+00     8.71503E-01     3.34178E+00     1.00000E+00        7     1.83908E+00     8.45068E-01     3.29932E+00     1.00000E+00       13     1.83025E+00     8.19085E-01     3.25967E+00     1.00000E+00       19     1.82498E+00     8.05891E-01     3.23999E+00     1.00000E+00       26     1.82834E+00     8.21258E-01     3.26233E+00     1.00000E+00  
   C         3.371     0.00000E+00    51.32        1     1.85502E+00     8.75562E-01     3.41225E+00     1.00000E+00        7     1.84610E+00     8.49593E-01     3.37043E+00     1.00000E+00       13     1.83731E+00     8.24006E-01     3.33020E+00     1.00000E+00       19     1.83205E+00     8.10991E-01     3.30958E+00     1.00000E+00       26     1.83538E+00     8.26148E-01     3.33221E+00     1.00000E+00  
   C         3.371     0.00000E+00    52.89        1     1.86229E+00     8.79635E-01     3.49149E+00     1.00000E+00        7     1.85338E+00     8.54147E-01     3.45213E+00     1.00000E+00       13     1.84462E+00     8.28969E-01     3.41301E+00     1.00000E+00       19     1.83938E+00     8.16141E-01     3.39224E+00     1.00000E+00       26     1.84269E+00     8.31079E-01     3.41424E+00     1.00000E+00  
   C         3.371     0.00000E+00    54.47        1     1.86982E+00     8.83714E-01     3.57982E+00     1.00000E+00        7     1.86092E+00     8.58720E-01     3.54526E+00     1.00000E+00       13     1.85220E+00     8.33966E-01     3.50962E+00     1.00000E+00       19     1.84698E+00     8.21331E-01     3.48991E+00     1.00000E+00       26     1.85026E+00     8.36043E-01     3.50998E+00     1.00000E+00  
   C         3.371     0.00000E+00    56.05        1     1.87763E+00     8.87792E-01     3.67724E+00     1.00000E+00        7     1.86873E+00     8.63305E-01     3.65024E+00     1.00000E+00       13     1.86005E+00     8.38988E-01     3.62119E+00     1.00000E+00       19     1.85486E+00     8.26553E-01     3.60430E+00     1.00000E+00       26     1.85811E+00     8.41030E-01     3.62075E+00     1.00000E+00  
   C         3.371     0.00000E+00    57.63        1     1.88570E+00     8.91860E-01     3.78318E+00     1.00000E+00        7     1.87681E+00     8.67893E-01     3.76681E+00     1.00000E+00       13     1.86817E+00     8.44025E-01     3.74808E+00     1.00000E+00       19     1.86300E+00     8.31798E-01     3.73638E+00     1.00000E+00       26     1.86622E+00     8.46032E-01     3.74709E+00     1.00000E+00  
   C         3.371     0.00000E+00    59.21        1     1.89398E+00     8.95911E-01     3.89622E+00     1.00000E+00        7     1.88509E+00     8.72476E-01     3.89346E+00     1.00000E+00       13     1.87649E+00     8.49070E-01     3.88902E+00     1.00000E+00       19     1.87135E+00     8.37057E-01     3.88528E+00     1.00000E+00       26     1.87453E+00     8.51041E-01     3.88793E+00     1.00000E+00  
   C         3.371     0.00000E+00    60.00        1     1.89800E+00     8.97944E-01     3.89608E+00     1.00000E+00        7     1.88911E+00     8.74781E-01     3.89330E+00     1.00000E+00       13     1.88051E+00     8.51613E-01     3.88885E+00     1.00000E+00       19     1.87537E+00     8.39710E-01     3.88511E+00     1.00000E+00       26     1.87854E+00     8.53565E-01     3.88780E+00     1.00000E+00  
