   C         3.380     0.00000E+00     0.00        1     1.75268E+00     8.02744E-01     2.90191E+00     1.00000E+00        7     1.74480E+00     7.73497E-01     2.90124E+00     1.00000E+00       13     1.73599E+00     7.40499E-01     2.90079E+00     1.00000E+00       19     1.72849E+00     7.13364E-01     2.90055E+00     1.00000E+00       26     1.72530E+00     7.02386E-01     2.90048E+00     1.00000E+00  
   C         3.380     0.00000E+00     0.79        1     1.75268E+00     8.02744E-01     2.90191E+00     1.00000E+00        7     1.74480E+00     7.73497E-01     2.90124E+00     1.00000E+00       13     1.73599E+00     7.40499E-01     2.90079E+00     1.00000E+00       19     1.72849E+00     7.13364E-01     2.90055E+00     1.00000E+00       26     1.72530E+00     7.02386E-01     2.90048E+00     1.00000E+00  
   C         3.380     0.00000E+00     2.37        1     1.75289E+00     8.02930E-01     2.90201E+00     1.00000E+00        7     1.74501E+00     7.73695E-01     2.90131E+00     1.00000E+00       13     1.73619E+00     7.40708E-01     2.90084E+00     1.00000E+00       19     1.72870E+00     7.13582E-01     2.90059E+00     1.00000E+00       26     1.72550E+00     7.02606E-01     2.90051E+00     1.00000E+00  
   C         3.380     0.00000E+00     3.95        1     1.75332E+00     8.03300E-01     2.90221E+00     1.00000E+00        7     1.74542E+00     7.74091E-01     2.90146E+00     1.00000E+00       13     1.73661E+00     7.41127E-01     2.90093E+00     1.00000E+00       19     1.72912E+00     7.14016E-01     2.90066E+00     1.00000E+00       26     1.72592E+00     7.03046E-01     2.90058E+00     1.00000E+00  
   C         3.380     0.00000E+00     5.53        1     1.75396E+00     8.03855E-01     2.90253E+00     1.00000E+00        7     1.74604E+00     7.74683E-01     2.90168E+00     1.00000E+00       13     1.73723E+00     7.41754E-01     2.90109E+00     1.00000E+00       19     1.72974E+00     7.14667E-01     2.90077E+00     1.00000E+00       26     1.72655E+00     7.03705E-01     2.90068E+00     1.00000E+00  
   C         3.380     0.00000E+00     7.11        1     1.75481E+00     8.04593E-01     2.90297E+00     1.00000E+00        7     1.74688E+00     7.75471E-01     2.90200E+00     1.00000E+00       13     1.73807E+00     7.42589E-01     2.90130E+00     1.00000E+00       19     1.73058E+00     7.15533E-01     2.90093E+00     1.00000E+00       26     1.72738E+00     7.04581E-01     2.90082E+00     1.00000E+00  
   C         3.380     0.00000E+00     8.68        1     1.75587E+00     8.05513E-01     2.90357E+00     1.00000E+00        7     1.74791E+00     7.76453E-01     2.90242E+00     1.00000E+00       13     1.73911E+00     7.43629E-01     2.90160E+00     1.00000E+00       19     1.73162E+00     7.16612E-01     2.90115E+00     1.00000E+00       26     1.72843E+00     7.05675E-01     2.90101E+00     1.00000E+00  
   C         3.380     0.00000E+00    10.26        1     1.75715E+00     8.06611E-01     2.90434E+00     1.00000E+00        7     1.74916E+00     7.77627E-01     2.90297E+00     1.00000E+00       13     1.74036E+00     7.44874E-01     2.90198E+00     1.00000E+00       19     1.73288E+00     7.17903E-01     2.90144E+00     1.00000E+00       26     1.72969E+00     7.06983E-01     2.90127E+00     1.00000E+00  
   C         3.380     0.00000E+00    11.84        1     1.75865E+00     8.07887E-01     2.90531E+00     1.00000E+00        7     1.75062E+00     7.78990E-01     2.90368E+00     1.00000E+00       13     1.74182E+00     7.46319E-01     2.90248E+00     1.00000E+00       19     1.73434E+00     7.19405E-01     2.90181E+00     1.00000E+00       26     1.73115E+00     7.08503E-01     2.90160E+00     1.00000E+00  
   C         3.380     0.00000E+00    13.42        1     1.76037E+00     8.09336E-01     2.90654E+00     1.00000E+00        7     1.75229E+00     7.80541E-01     2.90458E+00     1.00000E+00       13     1.74349E+00     7.47964E-01     2.90311E+00     1.00000E+00       19     1.73602E+00     7.21113E-01     2.90229E+00     1.00000E+00       26     1.73283E+00     7.10234E-01     2.90203E+00     1.00000E+00  
   C         3.380     0.00000E+00    15.00        1     1.76231E+00     8.10956E-01     2.90806E+00     1.00000E+00        7     1.75417E+00     7.82274E-01     2.90570E+00     1.00000E+00       13     1.74538E+00     7.49804E-01     2.90392E+00     1.00000E+00       19     1.73791E+00     7.23026E-01     2.90290E+00     1.00000E+00       26     1.73473E+00     7.12172E-01     2.90258E+00     1.00000E+00  
   C         3.380     0.00000E+00    16.58        1     1.76447E+00     8.12742E-01     2.90994E+00     1.00000E+00        7     1.75627E+00     7.84188E-01     2.90711E+00     1.00000E+00       13     1.74748E+00     7.51837E-01     2.90493E+00     1.00000E+00       19     1.74002E+00     7.25139E-01     2.90368E+00     1.00000E+00       26     1.73683E+00     7.14314E-01     2.90328E+00     1.00000E+00  
   C         3.380     0.00000E+00    18.16        1     1.76686E+00     8.14692E-01     2.91226E+00     1.00000E+00        7     1.75857E+00     7.86277E-01     2.90886E+00     1.00000E+00       13     1.74979E+00     7.54059E-01     2.90620E+00     1.00000E+00       19     1.74234E+00     7.27451E-01     2.90466E+00     1.00000E+00       26     1.73916E+00     7.16657E-01     2.90417E+00     1.00000E+00  
   C         3.380     0.00000E+00    19.74        1     1.76947E+00     8.16800E-01     2.91510E+00     1.00000E+00        7     1.76110E+00     7.88538E-01     2.91102E+00     1.00000E+00       13     1.75232E+00     7.56465E-01     2.90780E+00     1.00000E+00       19     1.74487E+00     7.29955E-01     2.90590E+00     1.00000E+00       26     1.74169E+00     7.19196E-01     2.90529E+00     1.00000E+00  
   C         3.380     0.00000E+00    21.32        1     1.77232E+00     8.19062E-01     2.91856E+00     1.00000E+00        7     1.76384E+00     7.90967E-01     2.91370E+00     1.00000E+00       13     1.75506E+00     7.59051E-01     2.90979E+00     1.00000E+00       19     1.74763E+00     7.32649E-01     2.90747E+00     1.00000E+00       26     1.74445E+00     7.21929E-01     2.90670E+00     1.00000E+00  
   C         3.380     0.00000E+00    22.89        1     1.77541E+00     8.21472E-01     2.92277E+00     1.00000E+00        7     1.76680E+00     7.93557E-01     2.91698E+00     1.00000E+00       13     1.75803E+00     7.61813E-01     2.91227E+00     1.00000E+00       19     1.75060E+00     7.35528E-01     2.90943E+00     1.00000E+00       26     1.74743E+00     7.24849E-01     2.90849E+00     1.00000E+00  
   C         3.380     0.00000E+00    24.47        1     1.77873E+00     8.24025E-01     2.92787E+00     1.00000E+00        7     1.76998E+00     7.96304E-01     2.92101E+00     1.00000E+00       13     1.76121E+00     7.64745E-01     2.91535E+00     1.00000E+00       19     1.75379E+00     7.38587E-01     2.91188E+00     1.00000E+00       26     1.75063E+00     7.27953E-01     2.91073E+00     1.00000E+00  
   C         3.380     0.00000E+00    26.05        1     1.78230E+00     8.26716E-01     2.93402E+00     1.00000E+00        7     1.77338E+00     7.99202E-01     2.92594E+00     1.00000E+00       13     1.76461E+00     7.67841E-01     2.91915E+00     1.00000E+00       19     1.75721E+00     7.41820E-01     2.91494E+00     1.00000E+00       26     1.75405E+00     7.31236E-01     2.91353E+00     1.00000E+00  
   C         3.380     0.00000E+00    27.63        1     1.78611E+00     8.29539E-01     2.94141E+00     1.00000E+00        7     1.77701E+00     8.02245E-01     2.93193E+00     1.00000E+00       13     1.76824E+00     7.71096E-01     2.92384E+00     1.00000E+00       19     1.76085E+00     7.45223E-01     2.91876E+00     1.00000E+00       26     1.75769E+00     7.34691E-01     2.91703E+00     1.00000E+00  
   C         3.380     0.00000E+00    29.21        1     1.79018E+00     8.32486E-01     2.95026E+00     1.00000E+00        7     1.78086E+00     8.05427E-01     2.93921E+00     1.00000E+00       13     1.77210E+00     7.74505E-01     2.92961E+00     1.00000E+00       19     1.76472E+00     7.48788E-01     2.92349E+00     1.00000E+00       26     1.76156E+00     7.38313E-01     2.92140E+00     1.00000E+00  
   C         3.380     0.00000E+00    30.79        1     1.79451E+00     8.35552E-01     2.96082E+00     1.00000E+00        7     1.78495E+00     8.08741E-01     2.94800E+00     1.00000E+00       13     1.77618E+00     7.78060E-01     2.93669E+00     1.00000E+00       19     1.76881E+00     7.52511E-01     2.92936E+00     1.00000E+00       26     1.76567E+00     7.42097E-01     2.92682E+00     1.00000E+00  
   C         3.380     0.00000E+00    32.37        1     1.79910E+00     8.38729E-01     2.97335E+00     1.00000E+00        7     1.78926E+00     8.12181E-01     2.95858E+00     1.00000E+00       13     1.78049E+00     7.81755E-01     2.94532E+00     1.00000E+00       19     1.77313E+00     7.56385E-01     2.93659E+00     1.00000E+00       26     1.77000E+00     7.46035E-01     2.93354E+00     1.00000E+00  
   C         3.380     0.00000E+00    33.95        1     1.80396E+00     8.42011E-01     2.98818E+00     1.00000E+00        7     1.79382E+00     8.15740E-01     2.97127E+00     1.00000E+00       13     1.78503E+00     7.85583E-01     2.95583E+00     1.00000E+00       19     1.77769E+00     7.60403E-01     2.94549E+00     1.00000E+00       26     1.77456E+00     7.50122E-01     2.94185E+00     1.00000E+00  
   C         3.380     0.00000E+00    35.53        1     1.80910E+00     8.45391E-01     3.00565E+00     1.00000E+00        7     1.79861E+00     8.19409E-01     2.98644E+00     1.00000E+00       13     1.78980E+00     7.89537E-01     2.96858E+00     1.00000E+00       19     1.78248E+00     7.64558E-01     2.95642E+00     1.00000E+00       26     1.77936E+00     7.54350E-01     2.95208E+00     1.00000E+00  
   C         3.380     0.00000E+00    37.11        1     1.81452E+00     8.48860E-01     3.02613E+00     1.00000E+00        7     1.80365E+00     8.23183E-01     3.00448E+00     1.00000E+00       13     1.79481E+00     7.93610E-01     2.98397E+00     1.00000E+00       19     1.78751E+00     7.68843E-01     2.96977E+00     1.00000E+00       26     1.78440E+00     7.58713E-01     2.96464E+00     1.00000E+00  
   C         3.380     0.00000E+00    38.68        1     1.82024E+00     8.52412E-01     3.05005E+00     1.00000E+00        7     1.80894E+00     8.27052E-01     3.02586E+00     1.00000E+00       13     1.80006E+00     7.97793E-01     3.00251E+00     1.00000E+00       19     1.79278E+00     7.73251E-01     2.98605E+00     1.00000E+00       26     1.78967E+00     7.63202E-01     2.98004E+00     1.00000E+00  
   C         3.380     0.00000E+00    40.26        1     1.82624E+00     8.56038E-01     3.07786E+00     1.00000E+00        7     1.81448E+00     8.31010E-01     3.05108E+00     1.00000E+00       13     1.80554E+00     8.02081E-01     3.02474E+00     1.00000E+00       19     1.79828E+00     7.77773E-01     3.00583E+00     1.00000E+00       26     1.79519E+00     7.67812E-01     2.99883E+00     1.00000E+00  
   C         3.380     0.00000E+00    41.84        1     1.83256E+00     8.59731E-01     3.11007E+00     1.00000E+00        7     1.82028E+00     8.35049E-01     3.08073E+00     1.00000E+00       13     1.81127E+00     8.06463E-01     3.05131E+00     1.00000E+00       19     1.80404E+00     7.82404E-01     3.02978E+00     1.00000E+00       26     1.80095E+00     7.72534E-01     3.02171E+00     1.00000E+00  
   C         3.380     0.00000E+00    43.42        1     1.83919E+00     8.63483E-01     3.14719E+00     1.00000E+00        7     1.82635E+00     8.39159E-01     3.11542E+00     1.00000E+00       13     1.81724E+00     8.10933E-01     3.08294E+00     1.00000E+00       19     1.81003E+00     7.87133E-01     3.05870E+00     1.00000E+00       26     1.80696E+00     7.77359E-01     3.04949E+00     1.00000E+00  
   C         3.380     0.00000E+00    45.00        1     1.84614E+00     8.67285E-01     3.18979E+00     1.00000E+00        7     1.83268E+00     8.43334E-01     3.15588E+00     1.00000E+00       13     1.82346E+00     8.15482E-01     3.12048E+00     1.00000E+00       19     1.81628E+00     7.91954E-01     3.09354E+00     1.00000E+00       26     1.81322E+00     7.82281E-01     3.08315E+00     1.00000E+00  
   C         3.380     0.00000E+00    46.58        1     1.85341E+00     8.71131E-01     3.23848E+00     1.00000E+00        7     1.83930E+00     8.47564E-01     3.20286E+00     1.00000E+00       13     1.82993E+00     8.20102E-01     3.16490E+00     1.00000E+00       19     1.82277E+00     7.96857E-01     3.13538E+00     1.00000E+00       26     1.81972E+00     7.87290E-01     3.12383E+00     1.00000E+00  
   C         3.380     0.00000E+00    48.16        1     1.86103E+00     8.75011E-01     3.29386E+00     1.00000E+00        7     1.84621E+00     8.51842E-01     3.25720E+00     1.00000E+00       13     1.83665E+00     8.24784E-01     3.21726E+00     1.00000E+00       19     1.82952E+00     8.01835E-01     3.18552E+00     1.00000E+00       26     1.82648E+00     7.92378E-01     3.17290E+00     1.00000E+00  
   C         3.380     0.00000E+00    49.74        1     1.86899E+00     8.78918E-01     3.35652E+00     1.00000E+00        7     1.85341E+00     8.56159E-01     3.31976E+00     1.00000E+00       13     1.84363E+00     8.29519E-01     3.27879E+00     1.00000E+00       19     1.83652E+00     8.06879E-01     3.24545E+00     1.00000E+00       26     1.83350E+00     7.97537E-01     3.23197E+00     1.00000E+00  
   C         3.380     0.00000E+00    51.32        1     1.87731E+00     8.82843E-01     3.42697E+00     1.00000E+00        7     1.86093E+00     8.60507E-01     3.39138E+00     1.00000E+00       13     1.85086E+00     8.34300E-01     3.35075E+00     1.00000E+00       19     1.84378E+00     8.11980E-01     3.31684E+00     1.00000E+00       26     1.84077E+00     8.02759E-01     3.30286E+00     1.00000E+00  
   C         3.380     0.00000E+00    52.89        1     1.88600E+00     8.86779E-01     3.50561E+00     1.00000E+00        7     1.86876E+00     8.64877E-01     3.47279E+00     1.00000E+00       13     1.85835E+00     8.39117E-01     3.43437E+00     1.00000E+00       19     1.85129E+00     8.17129E-01     3.40142E+00     1.00000E+00       26     1.84831E+00     8.08033E-01     3.38756E+00     1.00000E+00  
   C         3.380     0.00000E+00    54.47        1     1.89505E+00     8.90718E-01     3.59257E+00     1.00000E+00        7     1.87691E+00     8.69261E-01     3.56445E+00     1.00000E+00       13     1.86609E+00     8.43961E-01     3.53067E+00     1.00000E+00       19     1.85907E+00     8.22318E-01     3.50084E+00     1.00000E+00       26     1.85610E+00     8.13353E-01     3.48799E+00     1.00000E+00  
   C         3.380     0.00000E+00    56.05        1     1.90449E+00     8.94651E-01     3.68761E+00     1.00000E+00        7     1.88542E+00     8.73650E-01     3.66637E+00     1.00000E+00       13     1.87410E+00     8.48825E-01     3.64013E+00     1.00000E+00       19     1.86711E+00     8.27538E-01     3.61618E+00     1.00000E+00       26     1.86416E+00     8.18708E-01     3.60559E+00     1.00000E+00  
   C         3.380     0.00000E+00    57.63        1     1.91431E+00     8.98573E-01     3.78997E+00     1.00000E+00        7     1.89427E+00     8.78037E-01     3.77783E+00     1.00000E+00       13     1.88237E+00     8.53700E-01     3.76226E+00     1.00000E+00       19     1.87541E+00     8.32780E-01     3.74740E+00     1.00000E+00       26     1.87248E+00     8.24090E-01     3.74060E+00     1.00000E+00  
   C         3.380     0.00000E+00    59.21        1     1.92449E+00     9.02474E-01     3.89810E+00     1.00000E+00        7     1.90345E+00     8.82414E-01     3.89694E+00     1.00000E+00       13     1.89086E+00     8.58576E-01     3.89488E+00     1.00000E+00       19     1.88393E+00     8.38035E-01     3.89223E+00     1.00000E+00       26     1.88102E+00     8.29489E-01     3.89076E+00     1.00000E+00  
   C         3.380     0.00000E+00    60.00        1     1.92954E+00     9.04430E-01     3.89803E+00     1.00000E+00        7     1.90802E+00     8.84614E-01     3.89685E+00     1.00000E+00       13     1.89498E+00     8.61032E-01     3.89478E+00     1.00000E+00       19     1.88804E+00     8.40686E-01     3.89212E+00     1.00000E+00       26     1.88513E+00     8.32215E-01     3.89065E+00     1.00000E+00  
