   C         7.176     0.00000E+00     0.00        1     1.76598E+00     9.66395E-01     2.92673E+00     1.00000E+00        9     1.75410E+00     9.46180E-01     2.91628E+00     1.00000E+00       17     1.73729E+00     9.10557E-01     2.90817E+00     1.00000E+00       25     1.71453E+00     8.62973E-01     2.90388E+00     1.00000E+00       33     1.70141E+00     8.38778E-01     2.90278E+00     1.00000E+00  
   C         7.176     0.00000E+00     1.07        1     1.76598E+00     9.66395E-01     2.92673E+00     1.00000E+00        9     1.75410E+00     9.46180E-01     2.91628E+00     1.00000E+00       17     1.73729E+00     9.10557E-01     2.90817E+00     1.00000E+00       25     1.71453E+00     8.62973E-01     2.90388E+00     1.00000E+00       33     1.70141E+00     8.38778E-01     2.90278E+00     1.00000E+00  
   C         7.176     0.00000E+00     3.21        1     1.76636E+00     9.66508E-01     2.92780E+00     1.00000E+00        9     1.75445E+00     9.46340E-01     2.91705E+00     1.00000E+00       17     1.73764E+00     9.10781E-01     2.90863E+00     1.00000E+00       25     1.71488E+00     8.63262E-01     2.90413E+00     1.00000E+00       33     1.70176E+00     8.39093E-01     2.90297E+00     1.00000E+00  
   C         7.176     0.00000E+00     5.36        1     1.76712E+00     9.66734E-01     2.92998E+00     1.00000E+00        9     1.75516E+00     9.46656E-01     2.91862E+00     1.00000E+00       17     1.73835E+00     9.11227E-01     2.90958E+00     1.00000E+00       25     1.71558E+00     8.63838E-01     2.90465E+00     1.00000E+00       33     1.70244E+00     8.39722E-01     2.90337E+00     1.00000E+00  
   C         7.176     0.00000E+00     7.50        1     1.76826E+00     9.67069E-01     2.93331E+00     1.00000E+00        9     1.75622E+00     9.47128E-01     2.92105E+00     1.00000E+00       17     1.73941E+00     9.11891E-01     2.91105E+00     1.00000E+00       25     1.71663E+00     8.64698E-01     2.90546E+00     1.00000E+00       33     1.70346E+00     8.40661E-01     2.90399E+00     1.00000E+00  
   C         7.176     0.00000E+00     9.64        1     1.76978E+00     9.67512E-01     2.93789E+00     1.00000E+00        9     1.75764E+00     9.47752E-01     2.92440E+00     1.00000E+00       17     1.74082E+00     9.12771E-01     2.91311E+00     1.00000E+00       25     1.71802E+00     8.65838E-01     2.90662E+00     1.00000E+00       33     1.70483E+00     8.41906E-01     2.90487E+00     1.00000E+00  
   C         7.176     0.00000E+00    11.79        1     1.77169E+00     9.68058E-01     2.94384E+00     1.00000E+00        9     1.75942E+00     9.48522E-01     2.92880E+00     1.00000E+00       17     1.74259E+00     9.13860E-01     2.91585E+00     1.00000E+00       25     1.71977E+00     8.67251E-01     2.90818E+00     1.00000E+00       33     1.70655E+00     8.43450E-01     2.90607E+00     1.00000E+00  
   C         7.176     0.00000E+00    13.93        1     1.77399E+00     9.68701E-01     2.95128E+00     1.00000E+00        9     1.76155E+00     9.49433E-01     2.93439E+00     1.00000E+00       17     1.74472E+00     9.15151E-01     2.91940E+00     1.00000E+00       25     1.72188E+00     8.68930E-01     2.91024E+00     1.00000E+00       33     1.70861E+00     8.45287E-01     2.90766E+00     1.00000E+00  
   C         7.176     0.00000E+00    16.07        1     1.77668E+00     9.69437E-01     2.96039E+00     1.00000E+00        9     1.76405E+00     9.50477E-01     2.94134E+00     1.00000E+00       17     1.74721E+00     9.16635E-01     2.92390E+00     1.00000E+00       25     1.72433E+00     8.70866E-01     2.91289E+00     1.00000E+00       33     1.71102E+00     8.47408E-01     2.90973E+00     1.00000E+00  
   C         7.176     0.00000E+00    18.21        1     1.77978E+00     9.70259E-01     2.97138E+00     1.00000E+00        9     1.76691E+00     9.51647E-01     2.94985E+00     1.00000E+00       17     1.75005E+00     9.18304E-01     2.92953E+00     1.00000E+00       25     1.72715E+00     8.73049E-01     2.91628E+00     1.00000E+00       33     1.71378E+00     8.49801E-01     2.91239E+00     1.00000E+00  
   C         7.176     0.00000E+00    20.36        1     1.78328E+00     9.71159E-01     2.98447E+00     1.00000E+00        9     1.77013E+00     9.52933E-01     2.96016E+00     1.00000E+00       17     1.75327E+00     9.20146E-01     2.93652E+00     1.00000E+00       25     1.73033E+00     8.75468E-01     2.92059E+00     1.00000E+00       33     1.71690E+00     8.52457E-01     2.91579E+00     1.00000E+00  
   C         7.176     0.00000E+00    22.50        1     1.78719E+00     9.72130E-01     2.99990E+00     1.00000E+00        9     1.77372E+00     9.54326E-01     2.97255E+00     1.00000E+00       17     1.75685E+00     9.22150E-01     2.94513E+00     1.00000E+00       25     1.73388E+00     8.78109E-01     2.92601E+00     1.00000E+00       33     1.72038E+00     8.55361E-01     2.92012E+00     1.00000E+00  
   C         7.176     0.00000E+00    24.64        1     1.79153E+00     9.73164E-01     3.01797E+00     1.00000E+00        9     1.77769E+00     9.55815E-01     2.98733E+00     1.00000E+00       17     1.76080E+00     9.24303E-01     2.95567E+00     1.00000E+00       25     1.73779E+00     8.80959E-01     2.93283E+00     1.00000E+00       33     1.72421E+00     8.58501E-01     2.92561E+00     1.00000E+00  
   C         7.176     0.00000E+00    26.79        1     1.79630E+00     9.74251E-01     3.03897E+00     1.00000E+00        9     1.78203E+00     9.57389E-01     3.00485E+00     1.00000E+00       17     1.76513E+00     9.26592E-01     2.96851E+00     1.00000E+00       25     1.74208E+00     8.84003E-01     2.94134E+00     1.00000E+00       33     1.72842E+00     8.61861E-01     2.93253E+00     1.00000E+00  
   C         7.176     0.00000E+00    28.93        1     1.80151E+00     9.75383E-01     3.06323E+00     1.00000E+00        9     1.78674E+00     9.59037E-01     3.02550E+00     1.00000E+00       17     1.76983E+00     9.29003E-01     2.98407E+00     1.00000E+00       25     1.74674E+00     8.87226E-01     2.95195E+00     1.00000E+00       33     1.73300E+00     8.65425E-01     2.94124E+00     1.00000E+00  
   C         7.176     0.00000E+00    31.07        1     1.80717E+00     9.76551E-01     3.09107E+00     1.00000E+00        9     1.79185E+00     9.60747E-01     3.04970E+00     1.00000E+00       17     1.77492E+00     9.31521E-01     3.00284E+00     1.00000E+00       25     1.75178E+00     8.90612E-01     2.96511E+00     1.00000E+00       33     1.73796E+00     8.69177E-01     2.95216E+00     1.00000E+00  
   C         7.176     0.00000E+00    33.21        1     1.81330E+00     9.77746E-01     3.12286E+00     1.00000E+00        9     1.79734E+00     9.62508E-01     3.07789E+00     1.00000E+00       17     1.78039E+00     9.34131E-01     3.02537E+00     1.00000E+00       25     1.75722E+00     8.94142E-01     2.98139E+00     1.00000E+00       33     1.74329E+00     8.73099E-01     2.96581E+00     1.00000E+00  
   C         7.176     0.00000E+00    35.36        1     1.81990E+00     9.78959E-01     3.15893E+00     1.00000E+00        9     1.80322E+00     9.64307E-01     3.11058E+00     1.00000E+00       17     1.78626E+00     9.36817E-01     3.05228E+00     1.00000E+00       25     1.76304E+00     8.97800E-01     3.00145E+00     1.00000E+00       33     1.74902E+00     8.77173E-01     2.98284E+00     1.00000E+00  
   C         7.176     0.00000E+00    37.50        1     1.82699E+00     9.80180E-01     3.19963E+00     1.00000E+00        9     1.80950E+00     9.66132E-01     3.14828E+00     1.00000E+00       17     1.79252E+00     9.39566E-01     3.08429E+00     1.00000E+00       25     1.76927E+00     9.01567E-01     3.02610E+00     1.00000E+00       33     1.75514E+00     8.81380E-01     3.00401E+00     1.00000E+00  
   C         7.176     0.00000E+00    39.64        1     1.83458E+00     9.81402E-01     3.24531E+00     1.00000E+00        9     1.81619E+00     9.67973E-01     3.19153E+00     1.00000E+00       17     1.79918E+00     9.42360E-01     3.12218E+00     1.00000E+00       25     1.77590E+00     9.05426E-01     3.05628E+00     1.00000E+00       33     1.76167E+00     8.85702E-01     3.03028E+00     1.00000E+00  
   C         7.176     0.00000E+00    41.79        1     1.84270E+00     9.82617E-01     3.29625E+00     1.00000E+00        9     1.82328E+00     9.69816E-01     3.24086E+00     1.00000E+00       17     1.80625E+00     9.45184E-01     3.16684E+00     1.00000E+00       25     1.78294E+00     9.09357E-01     3.09311E+00     1.00000E+00       33     1.76860E+00     8.90119E-01     3.06279E+00     1.00000E+00  
   C         7.176     0.00000E+00    43.93        1     1.85134E+00     9.83816E-01     3.35270E+00     1.00000E+00        9     1.83080E+00     9.71652E-01     3.29683E+00     1.00000E+00       17     1.81374E+00     9.48024E-01     3.21925E+00     1.00000E+00       25     1.79040E+00     9.13342E-01     3.13793E+00     1.00000E+00       33     1.77595E+00     8.94611E-01     3.10297E+00     1.00000E+00  
   C         7.176     0.00000E+00    46.07        1     1.86054E+00     9.84992E-01     3.41485E+00     1.00000E+00        9     1.83874E+00     9.73470E-01     3.35994E+00     1.00000E+00       17     1.82165E+00     9.50864E-01     3.28052E+00     1.00000E+00       25     1.79828E+00     9.17363E-01     3.19239E+00     1.00000E+00       33     1.78373E+00     8.99159E-01     3.15257E+00     1.00000E+00  
   C         7.176     0.00000E+00    48.21        1     1.87031E+00     9.86139E-01     3.48277E+00     1.00000E+00        9     1.84712E+00     9.75260E-01     3.43064E+00     1.00000E+00       17     1.82998E+00     9.53690E-01     3.35183E+00     1.00000E+00       25     1.80660E+00     9.21402E-01     3.25850E+00     1.00000E+00       33     1.79194E+00     9.03744E-01     3.21386E+00     1.00000E+00  
   C         7.176     0.00000E+00    50.36        1     1.88066E+00     9.87252E-01     3.55641E+00     1.00000E+00        9     1.85595E+00     9.77012E-01     3.50923E+00     1.00000E+00       17     1.83875E+00     9.56489E-01     3.43446E+00     1.00000E+00       25     1.81536E+00     9.25440E-01     3.33887E+00     1.00000E+00       33     1.80059E+00     9.08346E-01     3.28982E+00     1.00000E+00  
   C         7.176     0.00000E+00    52.50        1     1.89163E+00     9.88324E-01     3.63550E+00     1.00000E+00        9     1.86524E+00     9.78720E-01     3.59580E+00     1.00000E+00       17     1.84797E+00     9.59248E-01     3.52958E+00     1.00000E+00       25     1.82457E+00     9.29461E-01     3.43679E+00     1.00000E+00       33     1.80969E+00     9.12946E-01     3.38455E+00     1.00000E+00  
   C         7.176     0.00000E+00    54.64        1     1.90321E+00     9.89351E-01     3.71956E+00     1.00000E+00        9     1.87502E+00     9.80375E-01     3.69008E+00     1.00000E+00       17     1.85763E+00     9.61954E-01     3.63803E+00     1.00000E+00       25     1.83424E+00     9.33448E-01     3.55621E+00     1.00000E+00       33     1.81926E+00     9.17526E-01     3.50371E+00     1.00000E+00  
   C         7.176     0.00000E+00    56.79        1     1.91544E+00     9.90331E-01     3.80779E+00     1.00000E+00        9     1.88531E+00     9.81970E-01     3.79123E+00     1.00000E+00       17     1.86774E+00     9.64596E-01     3.75975E+00     1.00000E+00       25     1.84438E+00     9.37384E-01     3.70116E+00     1.00000E+00       33     1.82929E+00     9.22069E-01     3.65477E+00     1.00000E+00  
   C         7.176     0.00000E+00    58.93        1     1.92830E+00     9.91258E-01     3.89890E+00     1.00000E+00        9     1.89612E+00     9.83500E-01     3.89760E+00     1.00000E+00       17     1.87827E+00     9.67165E-01     3.89298E+00     1.00000E+00       25     1.85493E+00     9.41255E-01     3.87383E+00     1.00000E+00       33     1.83974E+00     9.26556E-01     3.84599E+00     1.00000E+00  
   C         7.176     0.00000E+00    60.00        1     1.93484E+00     9.91707E-01     3.89881E+00     1.00000E+00        9     1.90160E+00     9.84246E-01     3.89748E+00     1.00000E+00       17     1.88345E+00     9.68432E-01     3.89282E+00     1.00000E+00       25     1.86006E+00     9.43182E-01     3.87360E+00     1.00000E+00       33     1.84479E+00     9.28799E-01     3.84572E+00     1.00000E+00  
