   C         0.669     0.00000E+00     0.00        1     1.71358E+00     1.78809E-01     2.90000E+00     1.00000E+00       11     1.70010E+00     1.54688E-01     2.90000E+00     1.00000E+00       21     1.68874E+00     1.36722E-01     2.90000E+00     1.00000E+00       31     1.68529E+00     1.31817E-01     2.90000E+00     1.00000E+00  
   C         0.669     0.00000E+00     0.55        1     1.71358E+00     1.78809E-01     2.90000E+00     1.00000E+00       11     1.70010E+00     1.54688E-01     2.90000E+00     1.00000E+00       21     1.68874E+00     1.36722E-01     2.90000E+00     1.00000E+00       31     1.68529E+00     1.31817E-01     2.90000E+00     1.00000E+00  
   C         0.669     0.00000E+00     1.64        1     1.71369E+00     1.78894E-01     2.90000E+00     1.00000E+00       11     1.70021E+00     1.54768E-01     2.90000E+00     1.00000E+00       21     1.68885E+00     1.36798E-01     2.90000E+00     1.00000E+00       31     1.68540E+00     1.31892E-01     2.90000E+00     1.00000E+00  
   C         0.669     0.00000E+00     2.73        1     1.71391E+00     1.79065E-01     2.90000E+00     1.00000E+00       11     1.70043E+00     1.54929E-01     2.90000E+00     1.00000E+00       21     1.68908E+00     1.36951E-01     2.90000E+00     1.00000E+00       31     1.68562E+00     1.32042E-01     2.90000E+00     1.00000E+00  
   C         0.669     0.00000E+00     3.82        1     1.71423E+00     1.79322E-01     2.90000E+00     1.00000E+00       11     1.70077E+00     1.55170E-01     2.90000E+00     1.00000E+00       21     1.68941E+00     1.37179E-01     2.90000E+00     1.00000E+00       31     1.68596E+00     1.32267E-01     2.90000E+00     1.00000E+00  
   C         0.669     0.00000E+00     4.91        1     1.71467E+00     1.79664E-01     2.90000E+00     1.00000E+00       11     1.70121E+00     1.55492E-01     2.90000E+00     1.00000E+00       21     1.68986E+00     1.37485E-01     2.90000E+00     1.00000E+00       31     1.68641E+00     1.32567E-01     2.90000E+00     1.00000E+00  
   C         0.669     0.00000E+00     6.00        1     1.71522E+00     1.80092E-01     2.90000E+00     1.00000E+00       11     1.70176E+00     1.55895E-01     2.90000E+00     1.00000E+00       21     1.69042E+00     1.37866E-01     2.90000E+00     1.00000E+00       31     1.68697E+00     1.32943E-01     2.90000E+00     1.00000E+00  
   C         0.669     0.00000E+00     7.09        1     1.71587E+00     1.80607E-01     2.90000E+00     1.00000E+00       11     1.70243E+00     1.56379E-01     2.90000E+00     1.00000E+00       21     1.69109E+00     1.38325E-01     2.90000E+00     1.00000E+00       31     1.68764E+00     1.33394E-01     2.90000E+00     1.00000E+00  
   C         0.669     0.00000E+00     8.18        1     1.71664E+00     1.81207E-01     2.90000E+00     1.00000E+00       11     1.70321E+00     1.56944E-01     2.90000E+00     1.00000E+00       21     1.69187E+00     1.38861E-01     2.90000E+00     1.00000E+00       31     1.68843E+00     1.33922E-01     2.90000E+00     1.00000E+00  
   C         0.669     0.00000E+00     9.27        1     1.71751E+00     1.81894E-01     2.90000E+00     1.00000E+00       11     1.70409E+00     1.57590E-01     2.90000E+00     1.00000E+00       21     1.69277E+00     1.39474E-01     2.90000E+00     1.00000E+00       31     1.68933E+00     1.34525E-01     2.90000E+00     1.00000E+00  
   C         0.669     0.00000E+00    10.36        1     1.71850E+00     1.82667E-01     2.90000E+00     1.00000E+00       11     1.70509E+00     1.58319E-01     2.90000E+00     1.00000E+00       21     1.69378E+00     1.40165E-01     2.90000E+00     1.00000E+00       31     1.69034E+00     1.35205E-01     2.90000E+00     1.00000E+00  
   C         0.669     0.00000E+00    11.45        1     1.71960E+00     1.83527E-01     2.90000E+00     1.00000E+00       11     1.70621E+00     1.59129E-01     2.90000E+00     1.00000E+00       21     1.69490E+00     1.40934E-01     2.90000E+00     1.00000E+00       31     1.69146E+00     1.35962E-01     2.90000E+00     1.00000E+00  
   C         0.669     0.00000E+00    12.55        1     1.72080E+00     1.84475E-01     2.90000E+00     1.00000E+00       11     1.70743E+00     1.60022E-01     2.90000E+00     1.00000E+00       21     1.69614E+00     1.41782E-01     2.90000E+00     1.00000E+00       31     1.69270E+00     1.36796E-01     2.90000E+00     1.00000E+00  
   C         0.669     0.00000E+00    13.64        1     1.72212E+00     1.85510E-01     2.90000E+00     1.00000E+00       11     1.70877E+00     1.60998E-01     2.90000E+00     1.00000E+00       21     1.69749E+00     1.42708E-01     2.90000E+00     1.00000E+00       31     1.69405E+00     1.37708E-01     2.90000E+00     1.00000E+00  
   C         0.669     0.00000E+00    14.73        1     1.72355E+00     1.86634E-01     2.90000E+00     1.00000E+00       11     1.71021E+00     1.62057E-01     2.90000E+00     1.00000E+00       21     1.69895E+00     1.43714E-01     2.90000E+00     1.00000E+00       31     1.69552E+00     1.38698E-01     2.90000E+00     1.00000E+00  
   C         0.669     0.00000E+00    15.82        1     1.72509E+00     1.87846E-01     2.90000E+00     1.00000E+00       11     1.71178E+00     1.63201E-01     2.90000E+00     1.00000E+00       21     1.70053E+00     1.44801E-01     2.90000E+00     1.00000E+00       31     1.69710E+00     1.39768E-01     2.90000E+00     1.00000E+00  
   C         0.669     0.00000E+00    16.91        1     1.72674E+00     1.89146E-01     2.90000E+00     1.00000E+00       11     1.71345E+00     1.64428E-01     2.90000E+00     1.00000E+00       21     1.70223E+00     1.45968E-01     2.90000E+00     1.00000E+00       31     1.69880E+00     1.40917E-01     2.90000E+00     1.00000E+00  
   C         0.669     0.00000E+00    18.00        1     1.72850E+00     1.90537E-01     2.90000E+00     1.00000E+00       11     1.71524E+00     1.65741E-01     2.90000E+00     1.00000E+00       21     1.70404E+00     1.47216E-01     2.90000E+00     1.00000E+00       31     1.70061E+00     1.42146E-01     2.90000E+00     1.00000E+00  
   C         0.669     0.00000E+00    19.09        1     1.73038E+00     1.92017E-01     2.90000E+00     1.00000E+00       11     1.71715E+00     1.67139E-01     2.90000E+00     1.00000E+00       21     1.70596E+00     1.48546E-01     2.90000E+00     1.00000E+00       31     1.70254E+00     1.43456E-01     2.90000E+00     1.00000E+00  
   C         0.669     0.00000E+00    20.18        1     1.73237E+00     1.93587E-01     2.90000E+00     1.00000E+00       11     1.71917E+00     1.68624E-01     2.90000E+00     1.00000E+00       21     1.70800E+00     1.49959E-01     2.90000E+00     1.00000E+00       31     1.70459E+00     1.44848E-01     2.90000E+00     1.00000E+00  
   C         0.669     0.00000E+00    21.27        1     1.73447E+00     1.95248E-01     2.90000E+00     1.00000E+00       11     1.72130E+00     1.70195E-01     2.90000E+00     1.00000E+00       21     1.71016E+00     1.51455E-01     2.90000E+00     1.00000E+00       31     1.70675E+00     1.46322E-01     2.90000E+00     1.00000E+00  
   C         0.669     0.00000E+00    22.36        1     1.73669E+00     1.97001E-01     2.90000E+00     1.00000E+00       11     1.72355E+00     1.71854E-01     2.90000E+00     1.00000E+00       21     1.71243E+00     1.53036E-01     2.90000E+00     1.00000E+00       31     1.70903E+00     1.47879E-01     2.90000E+00     1.00000E+00  
   C         0.669     0.00000E+00    23.45        1     1.73902E+00     1.98847E-01     2.90001E+00     1.00000E+00       11     1.72592E+00     1.73601E-01     2.90000E+00     1.00000E+00       21     1.71483E+00     1.54701E-01     2.90000E+00     1.00000E+00       31     1.71143E+00     1.49520E-01     2.90000E+00     1.00000E+00  
   C         0.669     0.00000E+00    24.55        1     1.74147E+00     2.00785E-01     2.90001E+00     1.00000E+00       11     1.72840E+00     1.75437E-01     2.90000E+00     1.00000E+00       21     1.71734E+00     1.56453E-01     2.90000E+00     1.00000E+00       31     1.71395E+00     1.51246E-01     2.90000E+00     1.00000E+00  
   C         0.669     0.00000E+00    25.64        1     1.74403E+00     2.02816E-01     2.90002E+00     1.00000E+00       11     1.73100E+00     1.77363E-01     2.90001E+00     1.00000E+00       21     1.71997E+00     1.58291E-01     2.90000E+00     1.00000E+00       31     1.71658E+00     1.53058E-01     2.90000E+00     1.00000E+00  
   C         0.669     0.00000E+00    26.73        1     1.74671E+00     2.04941E-01     2.90002E+00     1.00000E+00       11     1.73372E+00     1.79380E-01     2.90001E+00     1.00000E+00       21     1.72272E+00     1.60217E-01     2.90001E+00     1.00000E+00       31     1.71934E+00     1.54957E-01     2.90001E+00     1.00000E+00  
   C         0.669     0.00000E+00    27.82        1     1.74950E+00     2.07162E-01     2.90004E+00     1.00000E+00       11     1.73656E+00     1.81488E-01     2.90002E+00     1.00000E+00       21     1.72559E+00     1.62231E-01     2.90001E+00     1.00000E+00       31     1.72222E+00     1.56943E-01     2.90001E+00     1.00000E+00  
   C         0.669     0.00000E+00    28.91        1     1.75242E+00     2.09477E-01     2.90006E+00     1.00000E+00       11     1.73952E+00     1.83689E-01     2.90003E+00     1.00000E+00       21     1.72858E+00     1.64335E-01     2.90002E+00     1.00000E+00       31     1.72522E+00     1.59018E-01     2.90002E+00     1.00000E+00  
   C         0.669     0.00000E+00    30.00        1     1.75545E+00     2.11889E-01     2.90009E+00     1.00000E+00       11     1.74260E+00     1.85982E-01     2.90005E+00     1.00000E+00       21     1.73169E+00     1.66530E-01     2.90003E+00     1.00000E+00       31     1.72834E+00     1.61183E-01     2.90002E+00     1.00000E+00  
   C         0.669     0.00000E+00    31.09        1     1.75859E+00     2.14398E-01     2.90015E+00     1.00000E+00       11     1.74579E+00     1.88370E-01     2.90008E+00     1.00000E+00       21     1.73493E+00     1.68816E-01     2.90005E+00     1.00000E+00       31     1.73158E+00     1.63438E-01     2.90004E+00     1.00000E+00  
   C         0.669     0.00000E+00    32.18        1     1.76186E+00     2.17005E-01     2.90023E+00     1.00000E+00       11     1.74911E+00     1.90853E-01     2.90012E+00     1.00000E+00       21     1.73829E+00     1.71195E-01     2.90007E+00     1.00000E+00       31     1.73495E+00     1.65785E-01     2.90006E+00     1.00000E+00  
   C         0.669     0.00000E+00    33.27        1     1.76525E+00     2.19709E-01     2.90035E+00     1.00000E+00       11     1.75256E+00     1.93432E-01     2.90019E+00     1.00000E+00       21     1.74177E+00     1.73667E-01     2.90012E+00     1.00000E+00       31     1.73844E+00     1.68225E-01     2.90010E+00     1.00000E+00  
   C         0.669     0.00000E+00    34.36        1     1.76876E+00     2.22513E-01     2.90053E+00     1.00000E+00       11     1.75612E+00     1.96107E-01     2.90030E+00     1.00000E+00       21     1.74538E+00     1.76234E-01     2.90019E+00     1.00000E+00       31     1.74206E+00     1.70759E-01     2.90017E+00     1.00000E+00  
   C         0.669     0.00000E+00    35.45        1     1.77239E+00     2.25417E-01     2.90080E+00     1.00000E+00       11     1.75981E+00     1.98880E-01     2.90047E+00     1.00000E+00       21     1.74912E+00     1.78897E-01     2.90030E+00     1.00000E+00       31     1.74581E+00     1.73388E-01     2.90026E+00     1.00000E+00  
   C         0.669     0.00000E+00    36.55        1     1.77614E+00     2.28421E-01     2.90120E+00     1.00000E+00       11     1.76362E+00     2.01752E-01     2.90072E+00     1.00000E+00       21     1.75298E+00     1.81656E-01     2.90047E+00     1.00000E+00       31     1.74968E+00     1.76114E-01     2.90042E+00     1.00000E+00  
   C         0.669     0.00000E+00    37.64        1     1.78002E+00     2.31527E-01     2.90180E+00     1.00000E+00       11     1.76756E+00     2.04724E-01     2.90111E+00     1.00000E+00       21     1.75697E+00     1.84514E-01     2.90073E+00     1.00000E+00       31     1.75368E+00     1.78936E-01     2.90065E+00     1.00000E+00  
   C         0.669     0.00000E+00    38.73        1     1.78402E+00     2.34734E-01     2.90268E+00     1.00000E+00       11     1.77163E+00     2.07796E-01     2.90168E+00     1.00000E+00       21     1.76109E+00     1.87471E-01     2.90113E+00     1.00000E+00       31     1.75781E+00     1.81857E-01     2.90102E+00     1.00000E+00  
   C         0.669     0.00000E+00    39.82        1     1.78814E+00     2.38045E-01     2.90394E+00     1.00000E+00       11     1.77582E+00     2.10969E-01     2.90254E+00     1.00000E+00       21     1.76534E+00     1.90527E-01     2.90175E+00     1.00000E+00       31     1.76207E+00     1.84878E-01     2.90157E+00     1.00000E+00  
   C         0.669     0.00000E+00    40.91        1     1.79239E+00     2.41458E-01     2.90577E+00     1.00000E+00       11     1.78014E+00     2.14245E-01     2.90380E+00     1.00000E+00       21     1.76972E+00     1.93686E-01     2.90267E+00     1.00000E+00       31     1.76647E+00     1.87999E-01     2.90241E+00     1.00000E+00  
   C         0.669     0.00000E+00    42.00        1     1.79677E+00     2.44976E-01     2.90838E+00     1.00000E+00       11     1.78460E+00     2.17624E-01     2.90566E+00     1.00000E+00       21     1.77423E+00     1.96946E-01     2.90404E+00     1.00000E+00       31     1.77099E+00     1.91223E-01     2.90368E+00     1.00000E+00  
   C         0.669     0.00000E+00    43.09        1     1.80127E+00     2.48598E-01     2.91207E+00     1.00000E+00       11     1.78918E+00     2.21108E-01     2.90835E+00     1.00000E+00       21     1.77887E+00     2.00310E-01     2.90608E+00     1.00000E+00       31     1.77565E+00     1.94549E-01     2.90556E+00     1.00000E+00  
   C         0.669     0.00000E+00    44.18        1     1.80591E+00     2.52326E-01     2.91725E+00     1.00000E+00       11     1.79389E+00     2.24697E-01     2.91222E+00     1.00000E+00       21     1.78365E+00     2.03778E-01     2.90908E+00     1.00000E+00       31     1.78044E+00     1.97979E-01     2.90834E+00     1.00000E+00  
   C         0.669     0.00000E+00    45.27        1     1.81067E+00     2.56159E-01     2.92444E+00     1.00000E+00       11     1.79873E+00     2.28391E-01     2.91775E+00     1.00000E+00       21     1.78856E+00     2.07352E-01     2.91345E+00     1.00000E+00       31     1.78537E+00     2.01515E-01     2.91242E+00     1.00000E+00  
   C         0.669     0.00000E+00    46.36        1     1.81556E+00     2.60099E-01     2.93436E+00     1.00000E+00       11     1.80371E+00     2.32193E-01     2.92556E+00     1.00000E+00       21     1.79360E+00     2.11032E-01     2.91976E+00     1.00000E+00       31     1.79043E+00     2.05156E-01     2.91834E+00     1.00000E+00  
   C         0.669     0.00000E+00    47.45        1     1.82058E+00     2.64146E-01     2.94788E+00     1.00000E+00       11     1.80882E+00     2.36102E-01     2.93649E+00     1.00000E+00       21     1.79879E+00     2.14820E-01     2.92877E+00     1.00000E+00       31     1.79563E+00     2.08906E-01     2.92684E+00     1.00000E+00  
   C         0.669     0.00000E+00    48.55        1     1.82574E+00     2.68300E-01     2.96615E+00     1.00000E+00       11     1.81406E+00     2.40119E-01     2.95165E+00     1.00000E+00       21     1.80411E+00     2.18717E-01     2.94154E+00     1.00000E+00       31     1.80097E+00     2.12763E-01     2.93896E+00     1.00000E+00  
   C         0.669     0.00000E+00    49.64        1     1.83103E+00     2.72562E-01     2.99059E+00     1.00000E+00       11     1.81945E+00     2.44245E-01     2.97248E+00     1.00000E+00       21     1.80957E+00     2.22723E-01     2.95945E+00     1.00000E+00       31     1.80645E+00     2.16730E-01     2.95605E+00     1.00000E+00  
   C         0.669     0.00000E+00    50.73        1     1.83645E+00     2.76932E-01     3.02297E+00     1.00000E+00       11     1.82497E+00     2.48481E-01     3.00080E+00     1.00000E+00       21     1.81517E+00     2.26839E-01     2.98431E+00     1.00000E+00       31     1.81208E+00     2.20807E-01     2.97992E+00     1.00000E+00  
   C         0.669     0.00000E+00    51.82        1     1.84201E+00     2.81410E-01     3.06540E+00     1.00000E+00       11     1.83062E+00     2.52828E-01     3.03892E+00     1.00000E+00       21     1.82091E+00     2.31067E-01     3.01850E+00     1.00000E+00       31     1.81784E+00     2.24995E-01     3.01294E+00     1.00000E+00  
   C         0.669     0.00000E+00    52.91        1     1.84771E+00     2.85997E-01     3.12041E+00     1.00000E+00       11     1.83642E+00     2.57285E-01     3.08968E+00     1.00000E+00       21     1.82680E+00     2.35406E-01     3.06502E+00     1.00000E+00       31     1.82375E+00     2.29296E-01     3.05813E+00     1.00000E+00  
   C         0.669     0.00000E+00    54.00        1     1.85355E+00     2.90692E-01     3.19085E+00     1.00000E+00       11     1.84236E+00     2.61854E-01     3.15651E+00     1.00000E+00       21     1.83283E+00     2.39859E-01     3.12765E+00     1.00000E+00       31     1.82980E+00     2.33709E-01     3.11935E+00     1.00000E+00  
   C         0.669     0.00000E+00    55.09        1     1.85952E+00     2.95496E-01     3.27989E+00     1.00000E+00       11     1.84844E+00     2.66535E-01     3.24331E+00     1.00000E+00       21     1.83900E+00     2.44425E-01     3.21095E+00     1.00000E+00       31     1.83600E+00     2.38236E-01     3.20132E+00     1.00000E+00  
   C         0.669     0.00000E+00    56.18        1     1.86563E+00     3.00409E-01     3.39080E+00     1.00000E+00       11     1.85466E+00     2.71328E-01     3.35439E+00     1.00000E+00       21     1.84532E+00     2.49105E-01     3.32017E+00     1.00000E+00       31     1.84234E+00     2.42877E-01     3.30958E+00     1.00000E+00  
   C         0.669     0.00000E+00    57.27        1     1.87189E+00     3.05431E-01     3.52673E+00     1.00000E+00       11     1.86103E+00     2.76234E-01     3.49407E+00     1.00000E+00       21     1.85179E+00     2.53900E-01     3.46104E+00     1.00000E+00       31     1.84884E+00     2.47633E-01     3.45030E+00     1.00000E+00  
   C         0.669     0.00000E+00    58.36        1     1.87829E+00     3.10561E-01     3.69034E+00     1.00000E+00       11     1.86754E+00     2.81253E-01     3.66625E+00     1.00000E+00       21     1.85841E+00     2.58810E-01     3.63911E+00     1.00000E+00       31     1.85548E+00     2.52505E-01     3.62965E+00     1.00000E+00  
   C         0.669     0.00000E+00    59.45        1     1.88479E+00     3.15799E-01     3.88362E+00     1.00000E+00       11     1.87416E+00     2.86385E-01     3.87355E+00     1.00000E+00       21     1.86514E+00     2.63836E-01     3.85869E+00     1.00000E+00       31     1.86224E+00     2.57493E-01     3.85265E+00     1.00000E+00  
   C         0.669     0.00000E+00    60.00        1     1.88794E+00     3.18474E-01     3.90000E+00     1.00000E+00       11     1.87737E+00     2.89007E-01     3.87339E+00     1.00000E+00       21     1.86840E+00     2.66407E-01     3.85853E+00     1.00000E+00       31     1.86552E+00     2.60045E-01     3.85252E+00     1.00000E+00  
