State         Time      Voltage         mAh_exp         csa_NJc    Cycle_Number         fail_id     Theta_Alpha Theta_Beta_edge         csb_NJc      Theta_Beta
  CDR        hours        Volts             mAh         mol/cm3               ,               .               ,               ,            conc
   D       0.00000      3.55000     0.00000E+00     9.13526E-07     1.00000E+00     0.00000E+00     1.00000E+00     0.00000E+00     2.90000E+00     0.00000E+00
   D       0.00278      3.32514     2.08311E-02     7.16125E-02     1.00000E+00     0.00000E+00     1.00000E+00     0.00000E+00     2.90000E+00     0.00000E+00
   D       0.00556      3.29417     4.16621E-02     9.13900E-02     1.00000E+00     0.00000E+00     1.00000E+00     0.00000E+00     2.90000E+00     0.00000E+00
   D       0.00834      3.26350     6.24932E-02     1.07993E-01     1.00000E+00     0.00000E+00     1.00000E+00     0.00000E+00     2.90000E+00     0.00000E+00
   D       0.01112      3.23727     8.33242E-02     1.22496E-01     1.00000E+00     0.00000E+00     1.00000E+00     0.00000E+00     2.90000E+00     0.00000E+00
   D       0.01390      3.21496     1.04155E-01     1.35204E-01     1.00000E+00     0.00000E+00     1.00000E+00     0.00000E+00     2.90000E+00     0.00000E+00
   D       0.01668      3.19528     1.24986E-01     1.46395E-01     1.00000E+00     0.00000E+00     1.00000E+00     0.00000E+00     2.90000E+00     0.00000E+00
   D       0.01945      3.17708     1.45817E-01     1.56390E-01     1.00000E+00     0.00000E+00     1.00000E+00     0.00000E+00     2.90000E+00     0.00000E+00
   D       0.02223      3.15946     1.66648E-01     1.65520E-01     1.00000E+00     0.00000E+00     1.00000E+00     0.00000E+00     2.90000E+00     0.00000E+00
   D       0.02501      3.14180     1.87479E-01     1.74075E-01     1.00000E+00     0.00000E+00     1.00000E+00     0.00000E+00     2.90000E+00     0.00000E+00
   D       0.02779      3.12366     2.08311E-01     1.82276E-01     1.00000E+00     0.00000E+00     1.00000E+00     0.00000E+00     2.90000E+00     0.00000E+00
   D       0.03057      3.10479     2.29142E-01     1.90274E-01     1.00000E+00     0.00000E+00     1.00000E+00     0.00000E+00     2.90000E+00     0.00000E+00
   D       0.03335      3.08502     2.49973E-01     1.98170E-01     1.00000E+00     0.00000E+00     1.00000E+00     0.00000E+00     2.90000E+00     0.00000E+00
   D       0.03613      3.06432     2.70804E-01     2.06023E-01     1.00000E+00     0.00000E+00     1.00000E+00     0.00000E+00     2.90000E+00     0.00000E+00
   D       0.03891      3.04271     2.91635E-01     2.13867E-01     1.00000E+00     0.00000E+00     1.00000E+00     0.00000E+00     2.90000E+00     0.00000E+00
   D       0.04169      3.02029     3.12466E-01     2.21724E-01     1.00000E+00     0.00000E+00     1.00000E+00     0.00000E+00     2.90000E+00     0.00000E+00
   D       0.04447      2.99721     3.33297E-01     2.29600E-01     1.00000E+00     0.00000E+00     1.00000E+00     0.00000E+00     2.90000E+00     0.00000E+00
   D       0.04725      2.97365     3.54128E-01     2.37501E-01     1.00000E+00     0.00000E+00     1.00000E+00     0.00000E+00     2.90000E+00     0.00000E+00
   D       0.05003      2.94983     3.74959E-01     2.45427E-01     1.00000E+00     0.00000E+00     1.00000E+00     0.00000E+00     2.90000E+00     0.00000E+00
   D       0.05281      2.92598     3.95790E-01     2.53379E-01     1.00000E+00     0.00000E+00     1.00000E+00     0.00000E+00     2.90000E+00     0.00000E+00
   D       0.05559      2.90235     4.16621E-01     2.61357E-01     1.00000E+00     0.00000E+00     1.00000E+00     0.00000E+00     2.90000E+00     0.00000E+00
   D       0.05836      2.87918     4.37452E-01     2.69358E-01     1.00000E+00     0.00000E+00     1.00000E+00     0.00000E+00     2.90000E+00     0.00000E+00
   D       0.06114      2.85669     4.58283E-01     2.77384E-01     1.00000E+00     0.00000E+00     1.00000E+00     0.00000E+00     2.90000E+00     0.00000E+00
   D       0.06392      2.83509     4.79114E-01     2.85433E-01     1.00000E+00     0.00000E+00     1.00000E+00     0.00000E+00     2.90000E+00     0.00000E+00
   D       0.06670      2.81459     4.99945E-01     2.93506E-01     1.00000E+00     0.00000E+00     1.00000E+00     0.00000E+00     2.90000E+00     0.00000E+00
   D       0.06948      2.79533     5.20776E-01     3.01603E-01     1.00000E+00     0.00000E+00     1.00000E+00     0.00000E+00     2.90000E+00     0.00000E+00
   D       0.07226      2.77745     5.41607E-01     3.09725E-01     1.00000E+00     0.00000E+00     1.00000E+00     0.00000E+00     2.90000E+00     0.00000E+00
   D       0.07504      2.76104     5.62438E-01     3.17874E-01     1.00000E+00     0.00000E+00     1.00000E+00     0.00000E+00     2.90000E+00     0.00000E+00
   D       0.07782      2.74617     5.83269E-01     3.26053E-01     1.00000E+00     0.00000E+00     1.00000E+00     0.00000E+00     2.90000E+00     0.00000E+00
   D       0.08060      2.73288     6.04100E-01     3.34265E-01     1.00000E+00     0.00000E+00     1.00000E+00     0.00000E+00     2.90000E+00     0.00000E+00
   D       0.08338      2.72117     6.24932E-01     3.42514E-01     1.00000E+00     0.00000E+00     1.00000E+00     0.00000E+00     2.90000E+00     0.00000E+00
   D       0.08616      2.71100     6.45763E-01     3.50807E-01     1.00000E+00     0.00000E+00     1.00000E+00     0.00000E+00     2.90000E+00     0.00000E+00
   D       0.08894      2.70232     6.66594E-01     3.59150E-01     1.00000E+00     0.00000E+00     1.00000E+00     0.00000E+00     2.90000E+00     0.00000E+00
   D       0.09172      2.69506     6.87425E-01     3.67553E-01     1.00000E+00     0.00000E+00     1.00000E+00     0.00000E+00     2.90000E+00     0.00000E+00
   D       0.09450      2.68912     7.08256E-01     3.76029E-01     1.00000E+00     0.00000E+00     1.00000E+00     0.00000E+00     2.90000E+00     0.00000E+00
   D       0.09727      2.68437     7.29087E-01     3.84596E-01     1.00000E+00     0.00000E+00     1.00000E+00     0.00000E+00     2.90000E+00     0.00000E+00
   D       0.10005      2.68067     7.49918E-01     3.93279E-01     1.00000E+00     0.00000E+00     1.00000E+00     0.00000E+00     2.90000E+00     0.00000E+00
   D       0.10283      2.67785     7.70749E-01     4.02117E-01     1.00000E+00     0.00000E+00     1.00000E+00     0.00000E+00     2.90000E+00     0.00000E+00
   D       0.10561      2.67573     7.91580E-01     4.11155E-01     1.00000E+00     0.00000E+00     1.00000E+00     0.00000E+00     2.90000E+00     0.00000E+00
   D       0.10839      2.67412     8.12411E-01     4.20441E-01     1.00000E+00     0.00000E+00     1.00000E+00     0.00000E+00     2.90000E+00     0.00000E+00
   D       0.11117      2.67288     8.33242E-01     4.29998E-01     1.00000E+00     0.00000E+00     1.00000E+00     0.00000E+00     2.90000E+00     0.00000E+00
   D       0.11395      2.67191     8.54073E-01     4.39810E-01     1.00000E+00     0.00000E+00     1.00000E+00     0.00000E+00     2.90000E+00     0.00000E+00
   D       0.11673      2.67110     8.74904E-01     4.49801E-01     1.00000E+00     0.00000E+00     1.00000E+00     0.00000E+00     2.90000E+00     0.00000E+00
   D       0.11951      2.67041     8.95735E-01     4.59852E-01     1.00000E+00     0.00000E+00     1.00000E+00     0.00000E+00     2.90000E+00     0.00000E+00
   D       0.12229      2.66978     9.16566E-01     4.69813E-01     1.00000E+00     0.00000E+00     1.00000E+00     0.00000E+00     2.90000E+00     0.00000E+00
   D       0.12507      2.66915     9.37397E-01     4.79549E-01     1.00000E+00     0.00000E+00     1.00000E+00     0.00000E+00     2.90000E+00     0.00000E+00
   D       0.12785      2.66850     9.58228E-01     4.88958E-01     1.00000E+00     0.00000E+00     1.00000E+00     0.00000E+00     2.90000E+00     0.00000E+00
   D       0.13063      2.66779     9.79059E-01     4.97991E-01     1.00000E+00     0.00000E+00     1.00000E+00     0.00000E+00     2.90000E+00     0.00000E+00
   D       0.13341      2.66700     9.99890E-01     5.06647E-01     1.00000E+00     0.00000E+00     1.00000E+00     0.00000E+00     2.90000E+00     0.00000E+00
   D       0.13618      2.66610     1.02072E+00     5.14960E-01     1.00000E+00     0.00000E+00     1.00000E+00     0.00000E+00     2.90000E+00     0.00000E+00
   D       0.13896      2.66509     1.04155E+00     5.22986E-01     1.00000E+00     0.00000E+00     1.00000E+00     0.00000E+00     2.90000E+00     0.00000E+00
   D       0.14174      2.66395     1.06238E+00     5.30787E-01     1.00000E+00     0.00000E+00     1.00000E+00     0.00000E+00     2.90000E+00     0.00000E+00
   D       0.14452      2.66267     1.08321E+00     5.38427E-01     1.00000E+00     0.00000E+00     1.00000E+00     0.00000E+00     2.90000E+00     0.00000E+00
   D       0.14730      2.66127     1.10405E+00     5.45964E-01     1.00000E+00     0.00000E+00     1.00000E+00     0.00000E+00     2.90000E+00     0.00000E+00
   D       0.15008      2.65975     1.12488E+00     5.53449E-01     1.00000E+00     0.00000E+00     1.00000E+00     0.00000E+00     2.90000E+00     0.00000E+00
   D       0.15286      2.65811     1.14571E+00     5.60923E-01     1.00000E+00     0.00000E+00     1.00000E+00     0.00000E+00     2.90000E+00     0.00000E+00
   D       0.15564      2.65639     1.16654E+00     5.68418E-01     1.00000E+00     0.00000E+00     1.00000E+00     0.00000E+00     2.90000E+00     0.00000E+00
   D       0.15842      2.65460     1.18737E+00     5.75959E-01     1.00000E+00     0.00000E+00     1.00000E+00     0.00000E+00     2.90000E+00     0.00000E+00
   D       0.16120      2.65277     1.20820E+00     5.83564E-01     1.00000E+00     0.00000E+00     1.00000E+00     0.00000E+00     2.90000E+00     0.00000E+00
   D       0.16398      2.65091     1.22903E+00     5.91244E-01     1.00000E+00     0.00000E+00     1.00000E+00     0.00000E+00     2.90000E+00     0.00000E+00
   D       0.16676      2.64905     1.24986E+00     5.99008E-01     1.00000E+00     0.00000E+00     1.00000E+00     0.00000E+00     2.90000E+00     0.00000E+00
   D       0.16954      2.64720     1.27069E+00     6.06862E-01     1.00000E+00     0.00000E+00     1.00000E+00     0.00000E+00     2.90000E+00     0.00000E+00
   D       0.17232      2.64539     1.29153E+00     6.14809E-01     1.00000E+00     0.00000E+00     1.00000E+00     0.00000E+00     2.90000E+00     0.00000E+00
   D       0.17509      2.64361     1.31236E+00     6.22852E-01     1.00000E+00     0.00000E+00     1.00000E+00     0.00000E+00     2.90000E+00     0.00000E+00
   D       0.17787      2.64189     1.33319E+00     6.30990E-01     1.00000E+00     0.00000E+00     1.00000E+00     0.00000E+00     2.90000E+00     0.00000E+00
   D       0.18065      2.64022     1.35402E+00     6.39224E-01     1.00000E+00     0.00000E+00     1.00000E+00     0.00000E+00     2.90000E+00     0.00000E+00
   D       0.18343      2.63861     1.37485E+00     6.47550E-01     1.00000E+00     0.00000E+00     1.00000E+00     0.00000E+00     2.90000E+00     0.00000E+00
   D       0.18621      2.63705     1.39568E+00     6.55963E-01     1.00000E+00     0.00000E+00     1.00000E+00     0.00000E+00     2.90000E+00     0.00000E+00
   D       0.18899      2.63554     1.41651E+00     6.64454E-01     1.00000E+00     0.00000E+00     1.00000E+00     0.00000E+00     2.90000E+00     0.00000E+00
   D       0.19177      2.63408     1.43734E+00     6.73013E-01     1.00000E+00     0.00000E+00     1.00000E+00     0.00000E+00     2.90000E+00     0.00000E+00
   D       0.19455      2.63265     1.45817E+00     6.81622E-01     1.00000E+00     0.00000E+00     1.00000E+00     0.00000E+00     2.90000E+00     0.00000E+00
   D       0.19733      2.63126     1.47900E+00     6.90264E-01     1.00000E+00     0.00000E+00     1.00000E+00     0.00000E+00     2.90000E+00     0.00000E+00
   D       0.20011      2.62990     1.49984E+00     6.98916E-01     1.00000E+00     0.00000E+00     1.00000E+00     0.00000E+00     2.90000E+00     0.00000E+00
   D       0.20289      2.62856     1.52067E+00     7.07557E-01     1.00000E+00     0.00000E+00     1.00000E+00     0.00000E+00     2.90000E+00     0.00000E+00
   D       0.20567      2.62723     1.54150E+00     7.16162E-01     1.00000E+00     0.00000E+00     1.00000E+00     0.00000E+00     2.90000E+00     0.00000E+00
   D       0.20845      2.62590     1.56233E+00     7.24711E-01     1.00000E+00     0.00000E+00     1.00000E+00     0.00000E+00     2.90000E+00     0.00000E+00
   D       0.21123      2.62457     1.58316E+00     7.33184E-01     1.00000E+00     0.00000E+00     1.00000E+00     0.00000E+00     2.90000E+00     0.00000E+00
   D       0.21400      2.62322     1.60399E+00     7.41566E-01     1.00000E+00     0.00000E+00     1.00000E+00     0.00000E+00     2.90000E+00     0.00000E+00
   D       0.21678      2.62186     1.62482E+00     7.49849E-01     1.00000E+00     0.00000E+00     1.00000E+00     0.00000E+00     2.90000E+00     0.00000E+00
   D       0.21956      2.62048     1.64565E+00     7.58027E-01     1.00000E+00     0.00000E+00     1.00000E+00     0.00000E+00     2.90000E+00     0.00000E+00
   D       0.22234      2.61907     1.66648E+00     7.66101E-01     1.00000E+00     0.00000E+00     1.00000E+00     0.00000E+00     2.90000E+00     0.00000E+00
   D       0.22512      2.61762     1.68732E+00     7.74076E-01     1.00000E+00     0.00000E+00     1.00000E+00     0.00000E+00     2.90000E+00     0.00000E+00
   D       0.22790      2.61613     1.70815E+00     7.81961E-01     1.00000E+00     0.00000E+00     1.00000E+00     0.00000E+00     2.90000E+00     0.00000E+00
   D       0.23068      2.61461     1.72898E+00     7.89767E-01     1.00000E+00     0.00000E+00     1.00000E+00     0.00000E+00     2.90000E+00     0.00000E+00
   D       0.23346      2.61305     1.74981E+00     7.97507E-01     1.00000E+00     0.00000E+00     1.00000E+00     0.00000E+00     2.90000E+00     0.00000E+00
   D       0.23624      2.61144     1.77064E+00     8.05196E-01     1.00000E+00     0.00000E+00     1.00000E+00     0.00000E+00     2.90000E+00     0.00000E+00
   D       0.23902      2.60980     1.79147E+00     8.12849E-01     1.00000E+00     0.00000E+00     1.00000E+00     0.00000E+00     2.90000E+00     0.00000E+00
   D       0.24180      2.60812     1.81230E+00     8.20479E-01     1.00000E+00     0.00000E+00     1.00000E+00     0.00000E+00     2.90000E+00     0.00000E+00
   D       0.24458      2.60641     1.83313E+00     8.28100E-01     1.00000E+00     0.00000E+00     1.00000E+00     0.00000E+00     2.90000E+00     0.00000E+00
   D       0.24736      2.60467     1.85396E+00     8.35726E-01     1.00000E+00     0.00000E+00     1.00000E+00     0.00000E+00     2.90000E+00     0.00000E+00
   D       0.25014      2.60292     1.87479E+00     8.43367E-01     1.00000E+00     0.00000E+00     1.00000E+00     0.00000E+00     2.90000E+00     0.00000E+00
   D       0.25291      2.60115     1.89563E+00     8.51033E-01     1.00000E+00     0.00000E+00     1.00000E+00     0.00000E+00     2.90000E+00     0.00000E+00
   D       0.25569      2.59938     1.91646E+00     8.58734E-01     1.00000E+00     0.00000E+00     1.00000E+00     0.00000E+00     2.90000E+00     0.00000E+00
   D       0.25847      2.59760     1.93729E+00     8.66477E-01     1.00000E+00     0.00000E+00     1.00000E+00     0.00000E+00     2.90000E+00     0.00000E+00
   D       0.26125      2.59584     1.95812E+00     8.74269E-01     1.00000E+00     0.00000E+00     1.00000E+00     0.00000E+00     2.90000E+00     0.00000E+00
   D       0.26403      2.59409     1.97895E+00     8.82117E-01     1.00000E+00     0.00000E+00     1.00000E+00     0.00000E+00     2.90000E+00     0.00000E+00
   D       0.26681      2.59236     1.99978E+00     8.90024E-01     1.00000E+00     0.00000E+00     1.00000E+00     0.00000E+00     2.90000E+00     0.00000E+00
   D       0.26959      2.59064     2.02061E+00     8.97995E-01     1.00000E+00     0.00000E+00     1.00000E+00     0.00000E+00     2.90000E+00     0.00000E+00
   D       0.27237      2.58895     2.04144E+00     9.06034E-01     1.00000E+00     0.00000E+00     1.00000E+00     0.00000E+00     2.90000E+00     0.00000E+00
   D       0.27515      2.58729     2.06227E+00     9.14141E-01     1.00000E+00     0.00000E+00     1.00000E+00     0.00000E+00     2.90000E+00     0.00000E+00
   D       0.27793      2.58565     2.08311E+00     9.22318E-01     1.00000E+00     0.00000E+00     1.00000E+00     0.00000E+00     2.90000E+00     0.00000E+00
   D       0.28071      2.58403     2.10394E+00     9.30563E-01     1.00000E+00     0.00000E+00     1.00000E+00     0.00000E+00     2.90000E+00     0.00000E+00
   D       0.28349      2.58243     2.12477E+00     9.38872E-01     1.00000E+00     0.00000E+00     1.00000E+00     0.00000E+00     2.90000E+00     0.00000E+00
   D       0.28627      2.58086     2.14560E+00     9.47240E-01     1.00000E+00     0.00000E+00     1.00000E+00     0.00000E+00     2.90000E+00     0.00000E+00
   D       0.28905      2.57930     2.16643E+00     9.55659E-01     1.00000E+00     0.00000E+00     1.00000E+00     0.00000E+00     2.90000E+00     0.00000E+00
   D       0.29182      2.57775     2.18726E+00     9.64117E-01     1.00000E+00     0.00000E+00     1.00000E+00     0.00000E+00     2.90000E+00     0.00000E+00
   D       0.29460      2.57621     2.20809E+00     9.72601E-01     1.00000E+00     0.00000E+00     1.00000E+00     0.00000E+00     2.90000E+00     0.00000E+00
   D       0.29738      2.57467     2.22892E+00     9.81095E-01     1.00000E+00     0.00000E+00     1.00000E+00     0.00000E+00     2.90000E+00     0.00000E+00
   D       0.30016      2.57313     2.24975E+00     9.89580E-01     1.00000E+00     0.00000E+00     1.00000E+00     0.00000E+00     2.90000E+00     0.00000E+00
   D       0.30294      2.57158     2.27058E+00     9.98039E-01     1.00000E+00     0.00000E+00     1.00000E+00     0.00000E+00     2.90000E+00     0.00000E+00
   D       0.30572      2.57002     2.29142E+00     1.00645E+00     1.00000E+00     0.00000E+00     1.00000E+00     0.00000E+00     2.90000E+00     0.00000E+00
   D       0.30850      2.56843     2.31225E+00     1.01480E+00     1.00000E+00     0.00000E+00     1.00000E+00     0.00000E+00     2.90000E+00     0.00000E+00
   D       0.31128      2.56682     2.33308E+00     1.02307E+00     1.00000E+00     0.00000E+00     1.00000E+00     0.00000E+00     2.90000E+00     0.00000E+00
   D       0.31406      2.56517     2.35391E+00     1.03125E+00     1.00000E+00     0.00000E+00     1.00000E+00     0.00000E+00     2.90000E+00     0.00000E+00
   D       0.31684      2.56348     2.37474E+00     1.03932E+00     1.00000E+00     0.00000E+00     1.00000E+00     0.00000E+00     2.90000E+00     0.00000E+00
   D       0.31962      2.56173     2.39557E+00     1.04729E+00     1.00000E+00     0.00000E+00     1.00000E+00     0.00000E+00     2.90000E+00     0.00000E+00
   D       0.32240      2.55993     2.41640E+00     1.05515E+00     1.00000E+00     0.00000E+00     1.00000E+00     0.00000E+00     2.90000E+00     0.00000E+00
   D       0.32518      2.55806     2.43723E+00     1.06290E+00     1.00000E+00     0.00000E+00     1.00000E+00     0.00000E+00     2.90000E+00     0.00000E+00
   D       0.32796      2.55612     2.45806E+00     1.07055E+00     1.00000E+00     0.00000E+00     1.00000E+00     0.00000E+00     2.90000E+00     0.00000E+00
   D       0.33073      2.55409     2.47890E+00     1.07812E+00     1.00000E+00     0.00000E+00     1.00000E+00     0.00000E+00     2.90000E+00     0.00000E+00
   D       0.33351      2.55198     2.49973E+00     1.08560E+00     1.00000E+00     0.00000E+00     1.00000E+00     0.00000E+00     2.90000E+00     0.00000E+00
   D       0.33629      2.54977     2.52056E+00     1.09301E+00     1.00000E+00     0.00000E+00     1.00000E+00     0.00000E+00     2.90000E+00     0.00000E+00
   D       0.33907      2.54746     2.54139E+00     1.10038E+00     1.00000E+00     0.00000E+00     1.00000E+00     0.00000E+00     2.90000E+00     0.00000E+00
   D       0.34185      2.54505     2.56222E+00     1.10770E+00     1.00000E+00     0.00000E+00     1.00000E+00     0.00000E+00     2.90000E+00     0.00000E+00
   D       0.34463      2.54252     2.58305E+00     1.11500E+00     1.00000E+00     0.00000E+00     1.00000E+00     0.00000E+00     2.90000E+00     0.00000E+00
   D       0.34741      2.53989     2.60388E+00     1.12229E+00     1.00000E+00     0.00000E+00     1.00000E+00     0.00000E+00     2.90000E+00     0.00000E+00
   D       0.35019      2.53715     2.62471E+00     1.12958E+00     1.00000E+00     0.00000E+00     1.00000E+00     0.00000E+00     2.90000E+00     0.00000E+00
   D       0.35297      2.53430     2.64554E+00     1.13688E+00     1.00000E+00     0.00000E+00     1.00000E+00     0.00000E+00     2.90000E+00     0.00000E+00
   D       0.35575      2.53135     2.66637E+00     1.14420E+00     1.00000E+00     0.00000E+00     1.00000E+00     0.00000E+00     2.90000E+00     0.00000E+00
   D       0.35853      2.52829     2.68721E+00     1.15155E+00     1.00000E+00     0.00000E+00     1.00000E+00     0.00000E+00     2.90000E+00     0.00000E+00
   D       0.36131      2.52514     2.70804E+00     1.15892E+00     1.00000E+00     0.00000E+00     1.00000E+00     0.00000E+00     2.90000E+00     0.00000E+00
   D       0.36409      2.52190     2.72887E+00     1.16634E+00     1.00000E+00     0.00000E+00     1.00000E+00     0.00000E+00     2.90000E+00     0.00000E+00
   D       0.36687      2.51858     2.74970E+00     1.17380E+00     1.00000E+00     0.00000E+00     1.00000E+00     0.00000E+00     2.90000E+00     0.00000E+00
   D       0.36964      2.51518     2.77053E+00     1.18130E+00     1.00000E+00     0.00000E+00     1.00000E+00     0.00000E+00     2.90000E+00     0.00000E+00
   D       0.37242      2.51172     2.79136E+00     1.18884E+00     1.00000E+00     0.00000E+00     1.00000E+00     0.00000E+00     2.90000E+00     0.00000E+00
   D       0.37520      2.50821     2.81219E+00     1.19642E+00     1.00000E+00     0.00000E+00     1.00000E+00     0.00000E+00     2.90000E+00     0.00000E+00
   D       0.37798      2.50465     2.83302E+00     1.20405E+00     1.00000E+00     0.00000E+00     1.00000E+00     0.00000E+00     2.90000E+00     0.00000E+00
   D       0.38076      2.50105     2.85385E+00     1.21172E+00     1.00000E+00     0.00000E+00     1.00000E+00     0.00000E+00     2.90000E+00     0.00000E+00
   D       0.38355      2.49749     2.87479E+00     1.21943E+00     1.00000E+00     0.00000E+00     1.00000E+00     0.00000E+00     2.90000E+00     0.00000E+00
   D       0.38635      2.49383     2.89577E+00     1.22722E+00     1.00000E+00     0.00000E+00     1.00000E+00     0.00000E+00     2.90000E+00     0.00000E+00
   D       0.38915      2.49015     2.91676E+00     1.23504E+00     1.00000E+00     0.00000E+00     1.00000E+00     0.00000E+00     2.90000E+00     0.00000E+00
   D       0.39195      2.48647     2.93774E+00     1.24291E+00     1.00000E+00     0.00000E+00     1.00000E+00     0.00000E+00     2.90000E+00     0.00000E+00
   D       0.39475      2.48279     2.95873E+00     1.25080E+00     1.00000E+00     0.00000E+00     1.00000E+00     0.00000E+00     2.90000E+00     0.00000E+00
   D       0.39755      2.47911     2.97971E+00     1.25873E+00     1.00000E+00     0.00000E+00     1.00000E+00     0.00000E+00     2.90000E+00     0.00000E+00
   D       0.40035      2.47545     3.00070E+00     1.26669E+00     1.00000E+00     0.00000E+00     1.00000E+00     0.00000E+00     2.90000E+00     0.00000E+00
   D       0.40315      2.47180     3.02168E+00     1.27467E+00     1.00000E+00     0.00000E+00     1.00000E+00     0.00000E+00     2.90000E+00     0.00000E+00
   D       0.40595      2.46817     3.04266E+00     1.28268E+00     1.00000E+00     0.00000E+00     1.00000E+00     0.00000E+00     2.90000E+00     0.00000E+00
   D       0.40875      2.46456     3.06365E+00     1.29071E+00     1.00000E+00     0.00000E+00     1.00000E+00     0.00000E+00     2.90000E+00     0.00000E+00
   D       0.41155      2.46097     3.08463E+00     1.29876E+00     1.00000E+00     0.00000E+00     1.00000E+00     0.00000E+00     2.90000E+00     0.00000E+00
   D       0.41435      2.45741     3.10562E+00     1.30683E+00     1.00000E+00     0.00000E+00     1.00000E+00     0.00000E+00     2.90000E+00     0.00000E+00
   D       0.41715      2.45387     3.12660E+00     1.31492E+00     1.00000E+00     0.00000E+00     1.00000E+00     0.00000E+00     2.90000E+00     0.00000E+00
   D       0.41995      2.45036     3.14759E+00     1.32302E+00     1.00000E+00     0.00000E+00     1.00000E+00     0.00000E+00     2.90000E+00     1.28373E-06
   D       0.42275      2.44686     3.16857E+00     1.33114E+00     1.00000E+00     0.00000E+00     1.00000E+00     0.00000E+00     2.90000E+00     8.61101E-06
   D       0.42555      2.44339     3.18956E+00     1.33926E+00     1.00000E+00     0.00000E+00     1.00000E+00     0.00000E+00     2.90000E+00     2.56929E-05
   D       0.42835      2.43993     3.21054E+00     1.34740E+00     1.00000E+00     0.00000E+00     1.00000E+00     0.00000E+00     2.90000E+00     5.62452E-05
   D       0.43115      2.43648     3.23153E+00     1.35554E+00     1.00000E+00     0.00000E+00     1.00000E+00     0.00000E+00     2.90000E+00     1.04120E-04
   D       0.43395      2.43305     3.25251E+00     1.36369E+00     1.00000E+00     0.00000E+00     1.00000E+00     0.00000E+00     2.90000E+00     1.73161E-04
   D       0.43675      2.42962     3.27349E+00     1.37185E+00     1.00000E+00     0.00000E+00     1.00000E+00     0.00000E+00     2.90000E+00     2.67254E-04
   D       0.43955      2.42620     3.29448E+00     1.38000E+00     1.00000E+00     0.00000E+00     1.00000E+00     0.00000E+00     2.90000E+00     3.90524E-04
   D       0.44235      2.42278     3.31546E+00     1.38815E+00     1.00000E+00     0.00000E+00     1.00000E+00     0.00000E+00     2.90000E+00     5.47126E-04
   D       0.44515      2.41935     3.33645E+00     1.39630E+00     1.00000E+00     0.00000E+00     1.00000E+00     0.00000E+00     2.90000E+00     7.41434E-04
   D       0.44795      2.41591     3.35743E+00     1.40445E+00     1.00000E+00     0.00000E+00     9.99981E-01     1.93348E-05     2.90187E+00     9.78554E-04
   D       0.45075      2.41245     3.37842E+00     1.41256E+00     1.00000E+00     0.00000E+00     9.99847E-01     1.52676E-04     2.90255E+00     1.26784E-03
   D       0.45355      2.40898     3.39940E+00     1.42064E+00     1.00000E+00     0.00000E+00     9.99588E-01     4.12191E-04     2.90317E+00     1.61909E-03
   D       0.45635      2.40549     3.42039E+00     1.42868E+00     1.00000E+00     0.00000E+00     9.99203E-01     7.97173E-04     2.90379E+00     2.04346E-03
   D       0.45915      2.40197     3.44137E+00     1.43668E+00     1.00000E+00     0.00000E+00     9.98693E-01     1.30680E-03     2.90443E+00     2.55570E-03
   D       0.46195      2.39841     3.46236E+00     1.44462E+00     1.00000E+00     0.00000E+00     9.98060E-01     1.94015E-03     2.90512E+00     3.18034E-03
   D       0.46475      2.39482     3.48334E+00     1.45252E+00     1.00000E+00     0.00000E+00     9.97304E-01     2.69618E-03     2.90585E+00     3.92731E-03
   D       0.46755      2.39120     3.50433E+00     1.46035E+00     1.00000E+00     0.00000E+00     9.96426E-01     3.57379E-03     2.90666E+00     4.79568E-03
   D       0.47035      2.38753     3.52531E+00     1.46813E+00     1.00000E+00     0.00000E+00     9.95428E-01     4.57176E-03     2.90754E+00     5.78440E-03
   D       0.47315      2.38383     3.54629E+00     1.47585E+00     1.00000E+00     0.00000E+00     9.94311E-01     5.68881E-03     2.90850E+00     6.89235E-03
   D       0.47595      2.38007     3.56728E+00     1.48351E+00     1.00000E+00     0.00000E+00     9.93076E-01     6.92360E-03     2.90956E+00     8.11832E-03
   D       0.47875      2.37627     3.58826E+00     1.49111E+00     1.00000E+00     0.00000E+00     9.91725E-01     8.27473E-03     2.91074E+00     9.46106E-03
   D       0.48155      2.37241     3.60925E+00     1.49864E+00     1.00000E+00     0.00000E+00     9.90259E-01     9.74076E-03     2.91203E+00     1.09192E-02
   D       0.48435      2.36851     3.63023E+00     1.50611E+00     1.00000E+00     0.00000E+00     9.88680E-01     1.13202E-02     2.91347E+00     1.24914E-02
   D       0.48715      2.36455     3.65122E+00     1.51351E+00     1.00000E+00     0.00000E+00     9.86988E-01     1.30115E-02     2.91506E+00     1.41762E-02
   D       0.48995      2.36055     3.67220E+00     1.52086E+00     1.00000E+00     0.00000E+00     9.85187E-01     1.48132E-02     2.91682E+00     1.59721E-02
   D       0.49275      2.35649     3.69319E+00     1.52814E+00     1.00000E+00     0.00000E+00     9.83276E-01     1.67236E-02     2.91877E+00     1.78774E-02
   D       0.49555      2.35239     3.71417E+00     1.53535E+00     1.00000E+00     0.00000E+00     9.81259E-01     1.87411E-02     2.92093E+00     1.98906E-02
   D       0.49835      2.34824     3.73516E+00     1.54250E+00     1.00000E+00     0.00000E+00     9.79136E-01     2.08641E-02     2.92332E+00     2.20099E-02
   D       0.50114      2.34405     3.75614E+00     1.54959E+00     1.00000E+00     0.00000E+00     9.76909E-01     2.30909E-02     2.92597E+00     2.42337E-02
   D       0.50394      2.33982     3.77713E+00     1.55661E+00     1.00000E+00     0.00000E+00     9.74580E-01     2.54197E-02     2.92890E+00     2.65602E-02
   D       0.50674      2.33555     3.79811E+00     1.56355E+00     1.00000E+00     0.00000E+00     9.72151E-01     2.78488E-02     2.93213E+00     2.89875E-02
   D       0.50954      2.33126     3.81909E+00     1.57043E+00     1.00000E+00     0.00000E+00     9.69624E-01     3.03763E-02     2.93570E+00     3.15137E-02
   D       0.51234      2.32694     3.84008E+00     1.57723E+00     1.00000E+00     0.00000E+00     9.67000E-01     3.30002E-02     2.93963E+00     3.41369E-02
   D       0.51514      2.32260     3.86106E+00     1.58396E+00     1.00000E+00     0.00000E+00     9.64281E-01     3.57187E-02     2.94395E+00     3.68551E-02
   D       0.51794      2.31825     3.88205E+00     1.59061E+00     1.00000E+00     0.00000E+00     9.61470E-01     3.85299E-02     2.94870E+00     3.96663E-02
   D       0.52074      2.31389     3.90303E+00     1.59719E+00     1.00000E+00     0.00000E+00     9.58568E-01     4.14316E-02     2.95391E+00     4.25684E-02
   D       0.52354      2.30952     3.92402E+00     1.60369E+00     1.00000E+00     0.00000E+00     9.55578E-01     4.44220E-02     2.95960E+00     4.55594E-02
   D       0.52634      2.30515     3.94500E+00     1.61012E+00     1.00000E+00     0.00000E+00     9.52501E-01     4.74990E-02     2.96582E+00     4.86370E-02
   D       0.52914      2.30077     3.96599E+00     1.61647E+00     1.00000E+00     0.00000E+00     9.49339E-01     5.06605E-02     2.97259E+00     5.17991E-02
   D       0.53194      2.29639     3.98697E+00     1.62274E+00     1.00000E+00     0.00000E+00     9.46095E-01     5.39047E-02     2.97996E+00     5.50438E-02
   D       0.53474      2.29201     4.00796E+00     1.62894E+00     1.00000E+00     0.00000E+00     9.42771E-01     5.72294E-02     2.98795E+00     5.83687E-02
   D       0.53754      2.28763     4.02894E+00     1.63507E+00     1.00000E+00     0.00000E+00     9.39367E-01     6.06327E-02     2.99662E+00     6.17720E-02
   D       0.54034      2.28324     4.04992E+00     1.64112E+00     1.00000E+00     0.00000E+00     9.35888E-01     6.41125E-02     3.00599E+00     6.52514E-02
   D       0.54314      2.27885     4.07091E+00     1.64710E+00     1.00000E+00     0.00000E+00     9.32333E-01     6.76668E-02     3.01611E+00     6.88050E-02
   D       0.54594      2.27445     4.09189E+00     1.65301E+00     1.00000E+00     0.00000E+00     9.28706E-01     7.12937E-02     3.02702E+00     7.24306E-02
   D       0.54874      2.27004     4.11288E+00     1.65885E+00     1.00000E+00     0.00000E+00     9.25009E-01     7.49912E-02     3.03876E+00     7.61264E-02
   D       0.55154      2.26562     4.13386E+00     1.66462E+00     1.00000E+00     0.00000E+00     9.21243E-01     7.87572E-02     3.05136E+00     7.98904E-02
   D       0.55434      2.26118     4.15485E+00     1.67032E+00     1.00000E+00     0.00000E+00     9.17410E-01     8.25899E-02     3.06488E+00     8.37205E-02
   D       0.55714      2.25671     4.17583E+00     1.67594E+00     1.00000E+00     0.00000E+00     9.13513E-01     8.64872E-02     3.07936E+00     8.76148E-02
   D       0.55994      2.25223     4.19682E+00     1.68150E+00     1.00000E+00     0.00000E+00     9.09553E-01     9.04472E-02     3.09482E+00     9.15714E-02
   D       0.56274      2.24771     4.21780E+00     1.68699E+00     1.00000E+00     0.00000E+00     9.05532E-01     9.44680E-02     3.11131E+00     9.55885E-02
   D       0.56554      2.24317     4.23879E+00     1.69241E+00     1.00000E+00     0.00000E+00     9.01452E-01     9.85477E-02     3.12885E+00     9.96640E-02
   D       0.56834      2.23859     4.25977E+00     1.69776E+00     1.00000E+00     0.00000E+00     8.97316E-01     1.02684E-01     3.14748E+00     1.03796E-01
   D       0.57114      2.23398     4.28076E+00     1.70304E+00     1.00000E+00     0.00000E+00     8.93124E-01     1.06876E-01     3.16722E+00     1.07983E-01
   D       0.57394      2.22933     4.30174E+00     1.70826E+00     1.00000E+00     0.00000E+00     8.88879E-01     1.11121E-01     3.18807E+00     1.12223E-01
   D       0.57674      2.22463     4.32272E+00     1.71341E+00     1.00000E+00     0.00000E+00     8.84583E-01     1.15417E-01     3.21003E+00     1.16514E-01
   D       0.57954      2.21989     4.34371E+00     1.71850E+00     1.00000E+00     0.00000E+00     8.80238E-01     1.19762E-01     3.23309E+00     1.20855E-01
   D       0.58234      2.21511     4.36469E+00     1.72352E+00     1.00000E+00     0.00000E+00     8.75845E-01     1.24155E-01     3.25722E+00     1.25243E-01
   D       0.58514      2.21028     4.38568E+00     1.72848E+00     1.00000E+00     0.00000E+00     8.71406E-01     1.28594E-01     3.28236E+00     1.29677E-01
   D       0.58794      2.20541     4.40666E+00     1.73337E+00     1.00000E+00     0.00000E+00     8.66923E-01     1.33077E-01     3.30845E+00     1.34155E-01
   D       0.59074      2.20049     4.42765E+00     1.73821E+00     1.00000E+00     0.00000E+00     8.62398E-01     1.37602E-01     3.33540E+00     1.38675E-01
   D       0.59352      2.19536     4.44848E+00     1.74303E+00     1.00000E+00     0.00000E+00     8.57865E-01     1.42135E-01     3.36331E+00     1.43203E-01
   D       0.59630      2.19033     4.46931E+00     1.74776E+00     1.00000E+00     0.00000E+00     8.53293E-01     1.46707E-01     3.39160E+00     1.47770E-01
   D       0.59908      2.18527     4.49014E+00     1.75242E+00     1.00000E+00     0.00000E+00     8.48684E-01     1.51316E-01     3.42031E+00     1.52374E-01
   D       0.60185      2.18015     4.51097E+00     1.75704E+00     1.00000E+00     0.00000E+00     8.44039E-01     1.55961E-01     3.44928E+00     1.57014E-01
   D       0.60463      2.17497     4.53180E+00     1.76161E+00     1.00000E+00     0.00000E+00     8.39360E-01     1.60640E-01     3.47833E+00     1.61689E-01
   D       0.60741      2.16974     4.55263E+00     1.76613E+00     1.00000E+00     0.00000E+00     8.34648E-01     1.65352E-01     3.50727E+00     1.66396E-01
   D       0.61019      2.16445     4.57347E+00     1.77062E+00     1.00000E+00     0.00000E+00     8.29905E-01     1.70095E-01     3.53591E+00     1.71135E-01
   D       0.61297      2.15909     4.59430E+00     1.77508E+00     1.00000E+00     0.00000E+00     8.25131E-01     1.74869E-01     3.56404E+00     1.75904E-01
   D       0.61575      2.15366     4.61513E+00     1.77951E+00     1.00000E+00     0.00000E+00     8.20329E-01     1.79671E-01     3.59149E+00     1.80703E-01
   D       0.61853      2.14815     4.63596E+00     1.78392E+00     1.00000E+00     0.00000E+00     8.15499E-01     1.84501E-01     3.61807E+00     1.85529E-01
   D       0.62131      2.14255     4.65679E+00     1.78832E+00     1.00000E+00     0.00000E+00     8.10642E-01     1.89358E-01     3.64363E+00     1.90382E-01
   D       0.62409      2.13686     4.67762E+00     1.79270E+00     1.00000E+00     0.00000E+00     8.05759E-01     1.94241E-01     3.66803E+00     1.95260E-01
   D       0.62687      2.13090     4.69845E+00     1.79709E+00     1.00000E+00     0.00000E+00     8.00851E-01     1.99149E-01     3.69152E+00     2.00164E-01
   D       0.62965      2.12537     4.71928E+00     1.80149E+00     1.00000E+00     0.00000E+00     7.95919E-01     2.04081E-01     3.71209E+00     2.05092E-01
   D       0.63243      2.11834     4.74011E+00     1.80596E+00     1.00000E+00     0.00000E+00     7.90963E-01     2.09037E-01     3.73571E+00     2.10044E-01
   D       0.63521      2.11303     4.76094E+00     1.81043E+00     1.00000E+00     0.00000E+00     7.85984E-01     2.14016E-01     3.74826E+00     2.15020E-01
   D       0.63799      2.10473     4.78178E+00     1.81508E+00     1.00000E+00     0.00000E+00     7.80981E-01     2.19019E-01     3.79395E+00     2.20020E-01
   D       0.64076      2.09952     4.80261E+00     1.81978E+00     1.00000E+00     0.00000E+00     7.75954E-01     2.24046E-01     3.66817E+00     2.25045E-01
   D       0.64354      2.08655     4.82344E+00     1.82577E+00     1.00000E+00     0.00000E+00     7.70897E-01     2.29103E-01     3.90000E+00     2.30099E-01
   D       0.64632      2.08271     4.84427E+00     1.83074E+00     1.00000E+00     0.00000E+00     7.65806E-01     2.34194E-01     3.72585E+00     2.35187E-01
   D       0.64910      2.06997     4.86510E+00     1.83623E+00     1.00000E+00     0.00000E+00     7.60687E-01     2.39313E-01     3.90000E+00     2.40302E-01
   D       0.65188      2.06616     4.88593E+00     1.84087E+00     1.00000E+00     0.00000E+00     7.55543E-01     2.44457E-01     3.77455E+00     2.45442E-01
   D       0.65466      2.05279     4.90676E+00     1.84628E+00     1.00000E+00     0.00000E+00     7.50376E-01     2.49624E-01     3.90000E+00     2.50605E-01
   D       0.65744      2.04846     4.92759E+00     1.85086E+00     1.00000E+00     0.00000E+00     7.45187E-01     2.54813E-01     3.81304E+00     2.55791E-01
   D       0.66022      2.03422     4.94842E+00     1.85629E+00     1.00000E+00     0.00000E+00     7.39976E-01     2.60024E-01     3.90000E+00     2.60998E-01
   D       0.66300      2.02908     4.96926E+00     1.86087E+00     1.00000E+00     0.00000E+00     7.34745E-01     2.65255E-01     3.84228E+00     2.66226E-01
   D       0.66578      2.01380     4.99009E+00     1.86635E+00     1.00000E+00     0.00000E+00     7.29493E-01     2.70507E-01     3.90000E+00     2.71473E-01
   D       0.66856      2.00764     5.01092E+00     1.87097E+00     1.00000E+00     0.00000E+00     7.24223E-01     2.75777E-01     3.86345E+00     2.76740E-01
