   C         7.150     0.00000E+00     0.00        1     1.76225E+00     9.65848E-01     2.92687E+00     1.00000E+00        6     1.75066E+00     9.45149E-01     2.91635E+00     1.00000E+00       11     1.73193E+00     9.08547E-01     2.90816E+00     1.00000E+00       16     1.70204E+00     8.57777E-01     2.90375E+00     1.00000E+00       22     1.67753E+00     8.42473E-01     2.90304E+00     1.00000E+00  
   C         7.150     0.00000E+00     1.07        1     1.76225E+00     9.65848E-01     2.92687E+00     1.00000E+00        6     1.75066E+00     9.45149E-01     2.91635E+00     1.00000E+00       11     1.73193E+00     9.08547E-01     2.90816E+00     1.00000E+00       16     1.70204E+00     8.57777E-01     2.90375E+00     1.00000E+00       22     1.67753E+00     8.42473E-01     2.90304E+00     1.00000E+00  
   C         7.150     0.00000E+00     3.21        1     1.76259E+00     9.65963E-01     2.92795E+00     1.00000E+00        6     1.75100E+00     9.45310E-01     2.91712E+00     1.00000E+00       11     1.73227E+00     9.08773E-01     2.90862E+00     1.00000E+00       16     1.70236E+00     8.58071E-01     2.90399E+00     1.00000E+00       22     1.67783E+00     8.42783E-01     2.90323E+00     1.00000E+00  
   C         7.150     0.00000E+00     5.36        1     1.76327E+00     9.66191E-01     2.93014E+00     1.00000E+00        6     1.75168E+00     9.45631E-01     2.91870E+00     1.00000E+00       11     1.73294E+00     9.09225E-01     2.90956E+00     1.00000E+00       16     1.70300E+00     8.58658E-01     2.90448E+00     1.00000E+00       22     1.67841E+00     8.43402E-01     2.90363E+00     1.00000E+00  
   C         7.150     0.00000E+00     7.50        1     1.76429E+00     9.66530E-01     2.93350E+00     1.00000E+00        6     1.75269E+00     9.46109E-01     2.92113E+00     1.00000E+00       11     1.73394E+00     9.09898E-01     2.91102E+00     1.00000E+00       16     1.70397E+00     8.59535E-01     2.90525E+00     1.00000E+00       22     1.67929E+00     8.44326E-01     2.90426E+00     1.00000E+00  
   C         7.150     0.00000E+00     9.64        1     1.76566E+00     9.66977E-01     2.93811E+00     1.00000E+00        6     1.75405E+00     9.46740E-01     2.92450E+00     1.00000E+00       11     1.73529E+00     9.10789E-01     2.91307E+00     1.00000E+00       16     1.70526E+00     8.60696E-01     2.90635E+00     1.00000E+00       22     1.68047E+00     8.45552E-01     2.90515E+00     1.00000E+00  
   C         7.150     0.00000E+00    11.79        1     1.76737E+00     9.67529E-01     2.94409E+00     1.00000E+00        6     1.75574E+00     9.47519E-01     2.92891E+00     1.00000E+00       11     1.73697E+00     9.11892E-01     2.91579E+00     1.00000E+00       16     1.70687E+00     8.62137E-01     2.90783E+00     1.00000E+00       22     1.68194E+00     8.47072E-01     2.90636E+00     1.00000E+00  
   C         7.150     0.00000E+00    13.93        1     1.76943E+00     9.68179E-01     2.95157E+00     1.00000E+00        6     1.75778E+00     9.48441E-01     2.93452E+00     1.00000E+00       11     1.73899E+00     9.13200E-01     2.91931E+00     1.00000E+00       16     1.70881E+00     8.63849E-01     2.90977E+00     1.00000E+00       22     1.68370E+00     8.48880E-01     2.90795E+00     1.00000E+00  
   C         7.150     0.00000E+00    16.07        1     1.77184E+00     9.68923E-01     2.96073E+00     1.00000E+00        6     1.76017E+00     9.49498E-01     2.94148E+00     1.00000E+00       11     1.74136E+00     9.14704E-01     2.92377E+00     1.00000E+00       16     1.71109E+00     8.65824E-01     2.91228E+00     1.00000E+00       22     1.68577E+00     8.50967E-01     2.91001E+00     1.00000E+00  
   C         7.150     0.00000E+00    18.21        1     1.77459E+00     9.69754E-01     2.97177E+00     1.00000E+00        6     1.76289E+00     9.50682E-01     2.95001E+00     1.00000E+00       11     1.74406E+00     9.16395E-01     2.92936E+00     1.00000E+00       16     1.71369E+00     8.68051E-01     2.91549E+00     1.00000E+00       22     1.68814E+00     8.53323E-01     2.91266E+00     1.00000E+00  
   C         7.150     0.00000E+00    20.36        1     1.77770E+00     9.70664E-01     2.98492E+00     1.00000E+00        6     1.76597E+00     9.51985E-01     2.96035E+00     1.00000E+00       11     1.74712E+00     9.18263E-01     2.93629E+00     1.00000E+00       16     1.71662E+00     8.70520E-01     2.91956E+00     1.00000E+00       22     1.69082E+00     8.55936E-01     2.91603E+00     1.00000E+00  
   C         7.150     0.00000E+00    22.50        1     1.78116E+00     9.71646E-01     3.00041E+00     1.00000E+00        6     1.76940E+00     9.53395E-01     2.97277E+00     1.00000E+00       11     1.75052E+00     9.20294E-01     2.94483E+00     1.00000E+00       16     1.71989E+00     8.73216E-01     2.92470E+00     1.00000E+00       22     1.69380E+00     8.58793E-01     2.92029E+00     1.00000E+00  
   C         7.150     0.00000E+00    24.64        1     1.78498E+00     9.72691E-01     3.01854E+00     1.00000E+00        6     1.77318E+00     9.54904E-01     2.98758E+00     1.00000E+00       11     1.75427E+00     9.22478E-01     2.95528E+00     1.00000E+00       16     1.72351E+00     8.76128E-01     2.93115E+00     1.00000E+00       22     1.69709E+00     8.61882E-01     2.92567E+00     1.00000E+00  
   C         7.150     0.00000E+00    26.79        1     1.78917E+00     9.73791E-01     3.03960E+00     1.00000E+00        6     1.77732E+00     9.56499E-01     3.00514E+00     1.00000E+00       11     1.75838E+00     9.24800E-01     2.96802E+00     1.00000E+00       16     1.72746E+00     8.79239E-01     2.93922E+00     1.00000E+00       22     1.70070E+00     8.65186E-01     2.93242E+00     1.00000E+00  
   C         7.150     0.00000E+00    28.93        1     1.79372E+00     9.74937E-01     3.06391E+00     1.00000E+00        6     1.78182E+00     9.58169E-01     3.02582E+00     1.00000E+00       11     1.76284E+00     9.27246E-01     2.98346E+00     1.00000E+00       16     1.73177E+00     8.82534E-01     2.94927E+00     1.00000E+00       22     1.70463E+00     8.68691E-01     2.94087E+00     1.00000E+00  
   C         7.150     0.00000E+00    31.07        1     1.79865E+00     9.76119E-01     3.09180E+00     1.00000E+00        6     1.78668E+00     9.59903E-01     3.05006E+00     1.00000E+00       11     1.76767E+00     9.29802E-01     3.00210E+00     1.00000E+00       16     1.73642E+00     8.85997E-01     2.96177E+00     1.00000E+00       22     1.70888E+00     8.72379E-01     2.95142E+00     1.00000E+00  
   C         7.150     0.00000E+00    33.21        1     1.80396E+00     9.77329E-01     3.12361E+00     1.00000E+00        6     1.79191E+00     9.61689E-01     3.07831E+00     1.00000E+00       11     1.77287E+00     9.32453E-01     3.02447E+00     1.00000E+00       16     1.74144E+00     8.89610E-01     2.97725E+00     1.00000E+00       22     1.71347E+00     8.76234E-01     2.96452E+00     1.00000E+00  
   C         7.150     0.00000E+00    35.36        1     1.80965E+00     9.78557E-01     3.15968E+00     1.00000E+00        6     1.79751E+00     9.63514E-01     3.11105E+00     1.00000E+00       11     1.77843E+00     9.35182E-01     3.05122E+00     1.00000E+00       16     1.74682E+00     8.93357E-01     2.99636E+00     1.00000E+00       22     1.71839E+00     8.80237E-01     2.98077E+00     1.00000E+00  
   C         7.150     0.00000E+00    37.50        1     1.81574E+00     9.79794E-01     3.20037E+00     1.00000E+00        6     1.80349E+00     9.65367E-01     3.14881E+00     1.00000E+00       11     1.78437E+00     9.37974E-01     3.08305E+00     1.00000E+00       16     1.75256E+00     8.97218E-01     3.01988E+00     1.00000E+00       22     1.72365E+00     8.84370E-01     3.00085E+00     1.00000E+00  
   C         7.150     0.00000E+00    39.64        1     1.82223E+00     9.81033E-01     3.24599E+00     1.00000E+00        6     1.80984E+00     9.67235E-01     3.19212E+00     1.00000E+00       11     1.79070E+00     9.40815E-01     3.12075E+00     1.00000E+00       16     1.75869E+00     9.01175E-01     3.04874E+00     1.00000E+00       22     1.72926E+00     8.88614E-01     3.02558E+00     1.00000E+00  
   C         7.150     0.00000E+00    41.79        1     1.82914E+00     9.82264E-01     3.29684E+00     1.00000E+00        6     1.81659E+00     9.69107E-01     3.24152E+00     1.00000E+00       11     1.79741E+00     9.43688E-01     3.16521E+00     1.00000E+00       16     1.76519E+00     9.05210E-01     3.08401E+00     1.00000E+00       22     1.73523E+00     8.92950E-01     3.05596E+00     1.00000E+00  
   C         7.150     0.00000E+00    43.93        1     1.83648E+00     9.83480E-01     3.35316E+00     1.00000E+00        6     1.82373E+00     9.70972E-01     3.29754E+00     1.00000E+00       11     1.80451E+00     9.46577E-01     3.21739E+00     1.00000E+00       16     1.77208E+00     9.09303E-01     3.12701E+00     1.00000E+00       22     1.74157E+00     8.97359E-01     3.09317E+00     1.00000E+00  
   C         7.150     0.00000E+00    46.07        1     1.84426E+00     9.84673E-01     3.41515E+00     1.00000E+00        6     1.83127E+00     9.72820E-01     3.36066E+00     1.00000E+00       11     1.81201E+00     9.49469E-01     3.27836E+00     1.00000E+00       16     1.77937E+00     9.13437E-01     3.17925E+00     1.00000E+00       22     1.74829E+00     9.01821E-01     3.13866E+00     1.00000E+00  
   C         7.150     0.00000E+00    48.21        1     1.85250E+00     9.85837E-01     3.48287E+00     1.00000E+00        6     1.83921E+00     9.74641E-01     3.43130E+00     1.00000E+00       11     1.81992E+00     9.52348E-01     3.34928E+00     1.00000E+00       16     1.78707E+00     9.17593E-01     3.24255E+00     1.00000E+00       22     1.75539E+00     9.06317E-01     3.19413E+00     1.00000E+00  
   C         7.150     0.00000E+00    50.36        1     1.86121E+00     9.86967E-01     3.55626E+00     1.00000E+00        6     1.84756E+00     9.76424E-01     3.50971E+00     1.00000E+00       11     1.82824E+00     9.55201E-01     3.43133E+00     1.00000E+00       16     1.79518E+00     9.21752E-01     3.31914E+00     1.00000E+00       22     1.76290E+00     9.10829E-01     3.26167E+00     1.00000E+00  
   C         7.150     0.00000E+00    52.50        1     1.87043E+00     9.88056E-01     3.63509E+00     1.00000E+00        6     1.85633E+00     9.78163E-01     3.59592E+00     1.00000E+00       11     1.83699E+00     9.58014E-01     3.52562E+00     1.00000E+00       16     1.80371E+00     9.25897E-01     3.41190E+00     1.00000E+00       22     1.77081E+00     9.15337E-01     3.34385E+00     1.00000E+00  
   C         7.150     0.00000E+00    54.64        1     1.88017E+00     9.89100E-01     3.71889E+00     1.00000E+00        6     1.86553E+00     9.79848E-01     3.68963E+00     1.00000E+00       11     1.84616E+00     9.60776E-01     3.63300E+00     1.00000E+00       16     1.81267E+00     9.30011E-01     3.52470E+00     1.00000E+00       22     1.77914E+00     9.19824E-01     3.44384E+00     1.00000E+00  
   C         7.150     0.00000E+00    56.79        1     1.89044E+00     9.90096E-01     3.80691E+00     1.00000E+00        6     1.87515E+00     9.81474E-01     3.79009E+00     1.00000E+00       11     1.85576E+00     9.63474E-01     3.75370E+00     1.00000E+00       16     1.82207E+00     9.34078E-01     3.66281E+00     1.00000E+00       22     1.78790E+00     9.24272E-01     3.56582E+00     1.00000E+00  
   C         7.150     0.00000E+00    58.93        1     1.90125E+00     9.91040E-01     3.89819E+00     1.00000E+00        6     1.88516E+00     9.83035E-01     3.89586E+00     1.00000E+00       11     1.86573E+00     9.66099E-01     3.88679E+00     1.00000E+00       16     1.83183E+00     9.38082E-01     3.83297E+00     1.00000E+00       22     1.79702E+00     9.28664E-01     3.71661E+00     1.00000E+00  
   C         7.150     0.00000E+00    60.00        1     1.90675E+00     9.91497E-01     3.90000E+00     1.00000E+00        6     1.89012E+00     9.83797E-01     3.89566E+00     1.00000E+00       11     1.87062E+00     9.67395E-01     3.88652E+00     1.00000E+00       16     1.83657E+00     9.40077E-01     3.83260E+00     1.00000E+00       22     1.80146E+00     9.30858E-01     3.71617E+00     1.00000E+00  
