   C         1.117     0.00000E+00     0.00        1     1.73662E+00     3.80042E-01     2.90000E+00     1.00000E+00       10     1.72452E+00     3.44231E-01     2.90000E+00     1.00000E+00       19     1.71271E+00     3.12619E-01     2.90000E+00     1.00000E+00       28     1.70562E+00     2.95618E-01     2.90000E+00     1.00000E+00       38     1.71243E+00     3.14535E-01     2.90000E+00     1.00000E+00  
   C         1.117     0.00000E+00     0.55        1     1.73662E+00     3.80042E-01     2.90000E+00     1.00000E+00       10     1.72452E+00     3.44231E-01     2.90000E+00     1.00000E+00       19     1.71271E+00     3.12619E-01     2.90000E+00     1.00000E+00       28     1.70562E+00     2.95618E-01     2.90000E+00     1.00000E+00       38     1.71243E+00     3.14535E-01     2.90000E+00     1.00000E+00  
   C         1.117     0.00000E+00     1.64        1     1.73671E+00     3.80149E-01     2.90000E+00     1.00000E+00       10     1.72461E+00     3.44335E-01     2.90000E+00     1.00000E+00       19     1.71280E+00     3.12719E-01     2.90000E+00     1.00000E+00       28     1.70572E+00     2.95716E-01     2.90000E+00     1.00000E+00       38     1.71252E+00     3.14636E-01     2.90000E+00     1.00000E+00  
   C         1.117     0.00000E+00     2.73        1     1.73690E+00     3.80363E-01     2.90000E+00     1.00000E+00       10     1.72481E+00     3.44542E-01     2.90000E+00     1.00000E+00       19     1.71299E+00     3.12919E-01     2.90000E+00     1.00000E+00       28     1.70591E+00     2.95912E-01     2.90000E+00     1.00000E+00       38     1.71271E+00     3.14836E-01     2.90000E+00     1.00000E+00  
   C         1.117     0.00000E+00     3.82        1     1.73719E+00     3.80684E-01     2.90000E+00     1.00000E+00       10     1.72509E+00     3.44854E-01     2.90000E+00     1.00000E+00       19     1.71328E+00     3.13220E-01     2.90000E+00     1.00000E+00       28     1.70619E+00     2.96206E-01     2.90000E+00     1.00000E+00       38     1.71300E+00     3.15138E-01     2.90000E+00     1.00000E+00  
   C         1.117     0.00000E+00     4.91        1     1.73757E+00     3.81113E-01     2.90000E+00     1.00000E+00       10     1.72548E+00     3.45269E-01     2.90000E+00     1.00000E+00       19     1.71366E+00     3.13621E-01     2.90000E+00     1.00000E+00       28     1.70658E+00     2.96598E-01     2.90000E+00     1.00000E+00       38     1.71338E+00     3.15539E-01     2.90000E+00     1.00000E+00  
   C         1.117     0.00000E+00     6.00        1     1.73805E+00     3.81648E-01     2.90000E+00     1.00000E+00       10     1.72595E+00     3.45788E-01     2.90000E+00     1.00000E+00       19     1.71414E+00     3.14122E-01     2.90000E+00     1.00000E+00       28     1.70705E+00     2.97088E-01     2.90000E+00     1.00000E+00       38     1.71386E+00     3.16041E-01     2.90000E+00     1.00000E+00  
   C         1.117     0.00000E+00     7.09        1     1.73862E+00     3.82291E-01     2.90000E+00     1.00000E+00       10     1.72653E+00     3.46411E-01     2.90000E+00     1.00000E+00       19     1.71472E+00     3.14724E-01     2.90000E+00     1.00000E+00       28     1.70763E+00     2.97676E-01     2.90000E+00     1.00000E+00       38     1.71443E+00     3.16643E-01     2.90000E+00     1.00000E+00  
   C         1.117     0.00000E+00     8.18        1     1.73929E+00     3.83040E-01     2.90001E+00     1.00000E+00       10     1.72720E+00     3.47138E-01     2.90000E+00     1.00000E+00       19     1.71539E+00     3.15426E-01     2.90000E+00     1.00000E+00       28     1.70830E+00     2.98362E-01     2.90000E+00     1.00000E+00       38     1.71510E+00     3.17346E-01     2.90000E+00     1.00000E+00  
   C         1.117     0.00000E+00     9.27        1     1.74005E+00     3.83896E-01     2.90001E+00     1.00000E+00       10     1.72797E+00     3.47969E-01     2.90000E+00     1.00000E+00       19     1.71616E+00     3.16228E-01     2.90000E+00     1.00000E+00       28     1.70906E+00     2.99147E-01     2.90000E+00     1.00000E+00       38     1.71586E+00     3.18149E-01     2.90000E+00     1.00000E+00  
   C         1.117     0.00000E+00    10.36        1     1.74092E+00     3.84859E-01     2.90001E+00     1.00000E+00       10     1.72883E+00     3.48903E-01     2.90001E+00     1.00000E+00       19     1.71702E+00     3.17131E-01     2.90000E+00     1.00000E+00       28     1.70993E+00     3.00030E-01     2.90000E+00     1.00000E+00       38     1.71672E+00     3.19052E-01     2.90000E+00     1.00000E+00  
   C         1.117     0.00000E+00    11.45        1     1.74187E+00     3.85929E-01     2.90002E+00     1.00000E+00       10     1.72979E+00     3.49941E-01     2.90001E+00     1.00000E+00       19     1.71799E+00     3.18134E-01     2.90000E+00     1.00000E+00       28     1.71089E+00     3.01011E-01     2.90000E+00     1.00000E+00       38     1.71768E+00     3.20057E-01     2.90001E+00     1.00000E+00  
   C         1.117     0.00000E+00    12.55        1     1.74293E+00     3.87105E-01     2.90003E+00     1.00000E+00       10     1.73085E+00     3.51083E-01     2.90001E+00     1.00000E+00       19     1.71905E+00     3.19237E-01     2.90001E+00     1.00000E+00       28     1.71194E+00     3.02090E-01     2.90001E+00     1.00000E+00       38     1.71873E+00     3.21161E-01     2.90001E+00     1.00000E+00  
   C         1.117     0.00000E+00    13.64        1     1.74408E+00     3.88388E-01     2.90004E+00     1.00000E+00       10     1.73201E+00     3.52328E-01     2.90002E+00     1.00000E+00       19     1.72020E+00     3.20442E-01     2.90001E+00     1.00000E+00       28     1.71309E+00     3.03268E-01     2.90001E+00     1.00000E+00       38     1.71988E+00     3.22366E-01     2.90001E+00     1.00000E+00  
   C         1.117     0.00000E+00    14.73        1     1.74532E+00     3.89776E-01     2.90005E+00     1.00000E+00       10     1.73326E+00     3.53677E-01     2.90003E+00     1.00000E+00       19     1.72146E+00     3.21746E-01     2.90001E+00     1.00000E+00       28     1.71435E+00     3.04545E-01     2.90001E+00     1.00000E+00       38     1.72113E+00     3.23672E-01     2.90002E+00     1.00000E+00  
   C         1.117     0.00000E+00    15.82        1     1.74667E+00     3.91271E-01     2.90007E+00     1.00000E+00       10     1.73461E+00     3.55130E-01     2.90004E+00     1.00000E+00       19     1.72281E+00     3.23151E-01     2.90002E+00     1.00000E+00       28     1.71569E+00     3.05920E-01     2.90001E+00     1.00000E+00       38     1.72247E+00     3.25078E-01     2.90002E+00     1.00000E+00  
   C         1.117     0.00000E+00    16.91        1     1.74811E+00     3.92872E-01     2.90009E+00     1.00000E+00       10     1.73606E+00     3.56685E-01     2.90005E+00     1.00000E+00       19     1.72426E+00     3.24657E-01     2.90003E+00     1.00000E+00       28     1.71714E+00     3.07394E-01     2.90002E+00     1.00000E+00       38     1.72392E+00     3.26585E-01     2.90003E+00     1.00000E+00  
   C         1.117     0.00000E+00    18.00        1     1.74965E+00     3.94579E-01     2.90013E+00     1.00000E+00       10     1.73761E+00     3.58345E-01     2.90007E+00     1.00000E+00       19     1.72581E+00     3.26263E-01     2.90004E+00     1.00000E+00       28     1.71868E+00     3.08966E-01     2.90003E+00     1.00000E+00       38     1.72546E+00     3.28193E-01     2.90004E+00     1.00000E+00  
   C         1.117     0.00000E+00    19.09        1     1.75129E+00     3.96391E-01     2.90018E+00     1.00000E+00       10     1.73925E+00     3.60107E-01     2.90010E+00     1.00000E+00       19     1.72745E+00     3.27970E-01     2.90006E+00     1.00000E+00       28     1.72033E+00     3.10638E-01     2.90004E+00     1.00000E+00       38     1.72710E+00     3.29901E-01     2.90006E+00     1.00000E+00  
   C         1.117     0.00000E+00    20.18        1     1.75303E+00     3.98308E-01     2.90024E+00     1.00000E+00       10     1.74100E+00     3.61973E-01     2.90013E+00     1.00000E+00       19     1.72920E+00     3.29778E-01     2.90008E+00     1.00000E+00       28     1.72207E+00     3.12408E-01     2.90006E+00     1.00000E+00       38     1.72883E+00     3.31710E-01     2.90009E+00     1.00000E+00  
   C         1.117     0.00000E+00    21.27        1     1.75486E+00     4.00331E-01     2.90032E+00     1.00000E+00       10     1.74284E+00     3.63942E-01     2.90018E+00     1.00000E+00       19     1.73105E+00     3.31686E-01     2.90011E+00     1.00000E+00       28     1.72391E+00     3.14278E-01     2.90008E+00     1.00000E+00       38     1.73067E+00     3.33620E-01     2.90012E+00     1.00000E+00  
   C         1.117     0.00000E+00    22.36        1     1.75680E+00     4.02458E-01     2.90044E+00     1.00000E+00       10     1.74479E+00     3.66015E-01     2.90025E+00     1.00000E+00       19     1.73300E+00     3.33695E-01     2.90015E+00     1.00000E+00       28     1.72586E+00     3.16247E-01     2.90011E+00     1.00000E+00       38     1.73261E+00     3.35630E-01     2.90016E+00     1.00000E+00  
   C         1.117     0.00000E+00    23.45        1     1.75883E+00     4.04690E-01     2.90059E+00     1.00000E+00       10     1.74683E+00     3.68190E-01     2.90034E+00     1.00000E+00       19     1.73504E+00     3.35805E-01     2.90021E+00     1.00000E+00       28     1.72790E+00     3.18315E-01     2.90016E+00     1.00000E+00       38     1.73465E+00     3.37742E-01     2.90023E+00     1.00000E+00  
   C         1.117     0.00000E+00    24.55        1     1.76097E+00     4.07026E-01     2.90079E+00     1.00000E+00       10     1.74898E+00     3.70467E-01     2.90047E+00     1.00000E+00       19     1.73719E+00     3.38015E-01     2.90028E+00     1.00000E+00       28     1.73004E+00     3.20482E-01     2.90022E+00     1.00000E+00       38     1.73679E+00     3.39953E-01     2.90031E+00     1.00000E+00  
   C         1.117     0.00000E+00    25.64        1     1.76320E+00     4.09466E-01     2.90106E+00     1.00000E+00       10     1.75122E+00     3.72848E-01     2.90063E+00     1.00000E+00       19     1.73945E+00     3.40327E-01     2.90039E+00     1.00000E+00       28     1.73229E+00     3.22749E-01     2.90030E+00     1.00000E+00       38     1.73903E+00     3.42266E-01     2.90043E+00     1.00000E+00  
   C         1.117     0.00000E+00    26.73        1     1.76554E+00     4.12010E-01     2.90141E+00     1.00000E+00       10     1.75357E+00     3.75331E-01     2.90086E+00     1.00000E+00       19     1.74180E+00     3.42739E-01     2.90054E+00     1.00000E+00       28     1.73464E+00     3.25115E-01     2.90042E+00     1.00000E+00       38     1.74137E+00     3.44679E-01     2.90058E+00     1.00000E+00  
   C         1.117     0.00000E+00    27.82        1     1.76798E+00     4.14657E-01     2.90187E+00     1.00000E+00       10     1.75602E+00     3.77916E-01     2.90115E+00     1.00000E+00       19     1.74426E+00     3.45251E-01     2.90073E+00     1.00000E+00       28     1.73709E+00     3.27580E-01     2.90057E+00     1.00000E+00       38     1.74381E+00     3.47193E-01     2.90079E+00     1.00000E+00  
   C         1.117     0.00000E+00    28.91        1     1.77052E+00     4.17406E-01     2.90247E+00     1.00000E+00       10     1.75858E+00     3.80603E-01     2.90155E+00     1.00000E+00       19     1.74682E+00     3.47865E-01     2.90099E+00     1.00000E+00       28     1.73965E+00     3.30146E-01     2.90078E+00     1.00000E+00       38     1.74636E+00     3.49808E-01     2.90107E+00     1.00000E+00  
   C         1.117     0.00000E+00    30.00        1     1.77317E+00     4.20258E-01     2.90326E+00     1.00000E+00       10     1.76123E+00     3.83392E-01     2.90207E+00     1.00000E+00       19     1.74948E+00     3.50579E-01     2.90134E+00     1.00000E+00       28     1.74231E+00     3.32811E-01     2.90106E+00     1.00000E+00       38     1.74901E+00     3.52523E-01     2.90145E+00     1.00000E+00  
   C         1.117     0.00000E+00    31.09        1     1.77591E+00     4.23212E-01     2.90427E+00     1.00000E+00       10     1.76399E+00     3.86283E-01     2.90276E+00     1.00000E+00       19     1.75225E+00     3.53394E-01     2.90181E+00     1.00000E+00       28     1.74507E+00     3.35575E-01     2.90144E+00     1.00000E+00       38     1.75176E+00     3.55338E-01     2.90195E+00     1.00000E+00  
   C         1.117     0.00000E+00    32.18        1     1.77876E+00     4.26268E-01     2.90558E+00     1.00000E+00       10     1.76686E+00     3.89274E-01     2.90366E+00     1.00000E+00       19     1.75512E+00     3.56309E-01     2.90244E+00     1.00000E+00       28     1.74794E+00     3.38439E-01     2.90195E+00     1.00000E+00       38     1.75462E+00     3.58254E-01     2.90261E+00     1.00000E+00  
   C         1.117     0.00000E+00    33.27        1     1.78172E+00     4.29424E-01     2.90725E+00     1.00000E+00       10     1.76983E+00     3.92367E-01     2.90483E+00     1.00000E+00       19     1.75810E+00     3.59324E-01     2.90327E+00     1.00000E+00       28     1.75091E+00     3.41403E-01     2.90263E+00     1.00000E+00       38     1.75759E+00     3.61269E-01     2.90348E+00     1.00000E+00  
   C         1.117     0.00000E+00    34.36        1     1.78478E+00     4.32680E-01     2.90940E+00     1.00000E+00       10     1.77291E+00     3.95561E-01     2.90636E+00     1.00000E+00       19     1.76119E+00     3.62440E-01     2.90436E+00     1.00000E+00       28     1.75400E+00     3.44467E-01     2.90354E+00     1.00000E+00       38     1.76066E+00     3.64385E-01     2.90463E+00     1.00000E+00  
   C         1.117     0.00000E+00    35.45        1     1.78795E+00     4.36036E-01     2.91212E+00     1.00000E+00       10     1.77609E+00     3.98855E-01     2.90833E+00     1.00000E+00       19     1.76438E+00     3.65655E-01     2.90579E+00     1.00000E+00       28     1.75719E+00     3.47630E-01     2.90473E+00     1.00000E+00       38     1.76383E+00     3.67601E-01     2.90613E+00     1.00000E+00  
   C         1.117     0.00000E+00    36.55        1     1.79122E+00     4.39491E-01     2.91556E+00     1.00000E+00       10     1.77938E+00     4.02248E-01     2.91087E+00     1.00000E+00       19     1.76768E+00     3.68971E-01     2.90767E+00     1.00000E+00       28     1.76049E+00     3.50892E-01     2.90631E+00     1.00000E+00       38     1.76712E+00     3.70917E-01     2.90809E+00     1.00000E+00  
   C         1.117     0.00000E+00    37.64        1     1.79460E+00     4.43045E-01     2.91989E+00     1.00000E+00       10     1.78278E+00     4.05741E-01     2.91413E+00     1.00000E+00       19     1.77110E+00     3.72386E-01     2.91011E+00     1.00000E+00       28     1.76389E+00     3.54254E-01     2.90838E+00     1.00000E+00       38     1.77051E+00     3.74331E-01     2.91062E+00     1.00000E+00  
   C         1.117     0.00000E+00    38.73        1     1.79808E+00     4.46696E-01     2.92532E+00     1.00000E+00       10     1.78629E+00     4.09334E-01     2.91829E+00     1.00000E+00       19     1.77462E+00     3.75901E-01     2.91328E+00     1.00000E+00       28     1.76741E+00     3.57716E-01     2.91108E+00     1.00000E+00       38     1.77402E+00     3.77845E-01     2.91390E+00     1.00000E+00  
   C         1.117     0.00000E+00    39.82        1     1.80168E+00     4.50443E-01     2.93207E+00     1.00000E+00       10     1.78990E+00     4.13024E-01     2.92356E+00     1.00000E+00       19     1.77825E+00     3.79515E-01     2.91736E+00     1.00000E+00       28     1.77104E+00     3.61276E-01     2.91459E+00     1.00000E+00       38     1.77763E+00     3.81458E-01     2.91812E+00     1.00000E+00  
   C         1.117     0.00000E+00    40.91        1     1.80538E+00     4.54287E-01     2.94045E+00     1.00000E+00       10     1.79363E+00     4.16813E-01     2.93021E+00     1.00000E+00       19     1.78199E+00     3.83228E-01     2.92260E+00     1.00000E+00       28     1.77478E+00     3.64936E-01     2.91914E+00     1.00000E+00       38     1.78135E+00     3.85170E-01     2.92351E+00     1.00000E+00  
   C         1.117     0.00000E+00    42.00        1     1.80920E+00     4.58226E-01     2.95078E+00     1.00000E+00       10     1.79747E+00     4.20698E-01     2.93857E+00     1.00000E+00       19     1.78584E+00     3.87039E-01     2.92929E+00     1.00000E+00       28     1.77863E+00     3.68694E-01     2.92500E+00     1.00000E+00       38     1.78519E+00     3.88979E-01     2.93038E+00     1.00000E+00  
   C         1.117     0.00000E+00    43.09        1     1.81312E+00     4.62260E-01     2.96345E+00     1.00000E+00       10     1.80142E+00     4.24681E-01     2.94900E+00     1.00000E+00       19     1.78981E+00     3.90948E-01     2.93779E+00     1.00000E+00       28     1.78260E+00     3.72551E-01     2.93252E+00     1.00000E+00       38     1.78913E+00     3.92886E-01     2.93908E+00     1.00000E+00  
   C         1.117     0.00000E+00    44.18        1     1.81716E+00     4.66386E-01     2.97891E+00     1.00000E+00       10     1.80548E+00     4.28759E-01     2.96197E+00     1.00000E+00       19     1.79389E+00     3.94955E-01     2.94854E+00     1.00000E+00       28     1.78668E+00     3.76506E-01     2.94210E+00     1.00000E+00       38     1.79320E+00     3.96891E-01     2.95003E+00     1.00000E+00  
   C         1.117     0.00000E+00    45.27        1     1.82131E+00     4.70605E-01     2.99767E+00     1.00000E+00       10     1.80965E+00     4.32933E-01     2.97799E+00     1.00000E+00       19     1.79809E+00     3.99059E-01     2.96206E+00     1.00000E+00       28     1.79087E+00     3.80559E-01     2.95427E+00     1.00000E+00       38     1.79737E+00     4.00992E-01     2.96377E+00     1.00000E+00  
   C         1.117     0.00000E+00    46.36        1     1.82557E+00     4.74915E-01     3.02032E+00     1.00000E+00       10     1.81394E+00     4.37201E-01     2.99769E+00     1.00000E+00       19     1.80240E+00     4.03260E-01     2.97895E+00     1.00000E+00       28     1.79519E+00     3.84709E-01     2.96962E+00     1.00000E+00       38     1.80166E+00     4.05190E-01     2.98089E+00     1.00000E+00  
   C         1.117     0.00000E+00    47.45        1     1.82995E+00     4.79315E-01     3.04751E+00     1.00000E+00       10     1.81835E+00     4.41563E-01     3.02177E+00     1.00000E+00       19     1.80683E+00     4.07557E-01     2.99998E+00     1.00000E+00       28     1.79962E+00     3.88956E-01     2.98891E+00     1.00000E+00       38     1.80607E+00     4.09483E-01     3.00213E+00     1.00000E+00  
   C         1.117     0.00000E+00    48.55        1     1.83444E+00     4.83804E-01     3.07999E+00     1.00000E+00       10     1.82287E+00     4.46018E-01     3.05106E+00     1.00000E+00       19     1.81137E+00     4.11950E-01     3.02599E+00     1.00000E+00       28     1.80416E+00     3.93301E-01     3.01300E+00     1.00000E+00       38     1.81059E+00     4.13871E-01     3.02833E+00     1.00000E+00  
   C         1.117     0.00000E+00    49.64        1     1.83905E+00     4.88380E-01     3.11857E+00     1.00000E+00       10     1.82750E+00     4.50564E-01     3.08648E+00     1.00000E+00       19     1.81603E+00     4.16437E-01     3.05801E+00     1.00000E+00       28     1.80883E+00     3.97741E-01     3.04295E+00     1.00000E+00       38     1.81523E+00     4.18354E-01     3.06050E+00     1.00000E+00  
   C         1.117     0.00000E+00    50.73        1     1.84377E+00     4.93042E-01     3.16414E+00     1.00000E+00       10     1.83226E+00     4.55202E-01     3.12911E+00     1.00000E+00       19     1.82082E+00     4.21019E-01     3.09722E+00     1.00000E+00       28     1.81361E+00     4.02276E-01     3.07998E+00     1.00000E+00       38     1.81999E+00     4.22930E-01     3.09978E+00     1.00000E+00  
   C         1.117     0.00000E+00    51.82        1     1.84861E+00     4.97789E-01     3.21763E+00     1.00000E+00       10     1.83713E+00     4.59928E-01     3.18012E+00     1.00000E+00       19     1.82572E+00     4.25693E-01     3.14500E+00     1.00000E+00       28     1.81852E+00     4.06907E-01     3.12554E+00     1.00000E+00       38     1.82487E+00     4.27598E-01     3.14753E+00     1.00000E+00  
   C         1.117     0.00000E+00    52.91        1     1.85357E+00     5.02620E-01     3.28004E+00     1.00000E+00       10     1.84212E+00     4.64744E-01     3.24081E+00     1.00000E+00       19     1.83074E+00     4.30460E-01     3.20292E+00     1.00000E+00       28     1.82355E+00     4.11631E-01     3.18133E+00     1.00000E+00       38     1.82987E+00     4.32359E-01     3.20530E+00     1.00000E+00  
   C         1.117     0.00000E+00    54.00        1     1.85865E+00     5.07532E-01     3.35234E+00     1.00000E+00       10     1.84723E+00     4.69647E-01     3.31254E+00     1.00000E+00       19     1.83589E+00     4.35319E-01     3.27273E+00     1.00000E+00       28     1.82871E+00     4.16449E-01     3.24930E+00     1.00000E+00       38     1.83499E+00     4.37210E-01     3.27480E+00     1.00000E+00  
   C         1.117     0.00000E+00    55.09        1     1.86385E+00     5.12524E-01     3.43547E+00     1.00000E+00       10     1.85247E+00     4.74635E-01     3.39670E+00     1.00000E+00       19     1.84116E+00     4.40268E-01     3.35633E+00     1.00000E+00       28     1.83398E+00     4.21360E-01     3.33165E+00     1.00000E+00       38     1.84024E+00     4.42151E-01     3.35794E+00     1.00000E+00  
   C         1.117     0.00000E+00    56.18        1     1.86917E+00     5.17595E-01     3.53025E+00     1.00000E+00       10     1.85783E+00     4.79709E-01     3.49461E+00     1.00000E+00       19     1.84655E+00     4.45307E-01     3.45570E+00     1.00000E+00       28     1.83939E+00     4.26362E-01     3.43074E+00     1.00000E+00       38     1.84561E+00     4.47181E-01     3.45667E+00     1.00000E+00  
   C         1.117     0.00000E+00    57.27        1     1.87461E+00     5.22743E-01     3.63730E+00     1.00000E+00       10     1.86330E+00     4.84866E-01     3.60740E+00     1.00000E+00       19     1.85207E+00     4.50434E-01     3.57270E+00     1.00000E+00       28     1.84492E+00     4.31455E-01     3.54902E+00     1.00000E+00       38     1.85110E+00     4.52299E-01     3.57289E+00     1.00000E+00  
   C         1.117     0.00000E+00    58.36        1     1.88017E+00     5.27966E-01     3.75700E+00     1.00000E+00       10     1.86890E+00     4.90104E-01     3.73585E+00     1.00000E+00       19     1.85771E+00     4.55648E-01     3.70889E+00     1.00000E+00       28     1.85057E+00     4.36638E-01     3.68872E+00     1.00000E+00       38     1.85671E+00     4.57502E-01     3.70821E+00     1.00000E+00  
   C         1.117     0.00000E+00    59.45        1     1.88581E+00     5.33262E-01     3.88916E+00     1.00000E+00       10     1.87458E+00     4.95423E-01     3.88007E+00     1.00000E+00       19     1.86343E+00     4.60948E-01     3.86503E+00     1.00000E+00       28     1.85630E+00     4.41909E-01     3.85133E+00     1.00000E+00       38     1.86241E+00     4.62791E-01     3.86347E+00     1.00000E+00  
   C         1.117     0.00000E+00    60.00        1     1.88851E+00     5.35951E-01     3.88900E+00     1.00000E+00       10     1.87730E+00     4.98126E-01     3.87988E+00     1.00000E+00       19     1.86618E+00     4.63644E-01     3.86485E+00     1.00000E+00       28     1.85905E+00     4.44592E-01     3.85117E+00     1.00000E+00       38     1.86514E+00     4.65482E-01     3.86336E+00     1.00000E+00  
