   C         1.888     0.00000E+00     0.00        1     1.74478E+00     6.06450E-01     2.90015E+00     1.00000E+00        9     1.73469E+00     5.69452E-01     2.90008E+00     1.00000E+00       17     1.72429E+00     5.34232E-01     2.90005E+00     1.00000E+00       25     1.71705E+00     5.12480E-01     2.90004E+00     1.00000E+00       35     1.72006E+00     5.26393E-01     2.90005E+00     1.00000E+00  
   C         1.888     0.00000E+00     0.62        1     1.74478E+00     6.06450E-01     2.90015E+00     1.00000E+00        9     1.73469E+00     5.69452E-01     2.90008E+00     1.00000E+00       17     1.72429E+00     5.34232E-01     2.90005E+00     1.00000E+00       25     1.71705E+00     5.12480E-01     2.90004E+00     1.00000E+00       35     1.72006E+00     5.26393E-01     2.90005E+00     1.00000E+00  
   C         1.888     0.00000E+00     1.88        1     1.74490E+00     6.06595E-01     2.90016E+00     1.00000E+00        9     1.73481E+00     5.69599E-01     2.90009E+00     1.00000E+00       17     1.72442E+00     5.34379E-01     2.90005E+00     1.00000E+00       25     1.71717E+00     5.12627E-01     2.90004E+00     1.00000E+00       35     1.72018E+00     5.26540E-01     2.90005E+00     1.00000E+00  
   C         1.888     0.00000E+00     3.13        1     1.74515E+00     6.06885E-01     2.90018E+00     1.00000E+00        9     1.73507E+00     5.69893E-01     2.90010E+00     1.00000E+00       17     1.72467E+00     5.34673E-01     2.90006E+00     1.00000E+00       25     1.71742E+00     5.12920E-01     2.90005E+00     1.00000E+00       35     1.72043E+00     5.26833E-01     2.90006E+00     1.00000E+00  
   C         1.888     0.00000E+00     4.38        1     1.74552E+00     6.07320E-01     2.90021E+00     1.00000E+00        9     1.73544E+00     5.70332E-01     2.90012E+00     1.00000E+00       17     1.72505E+00     5.35114E-01     2.90007E+00     1.00000E+00       25     1.71780E+00     5.13360E-01     2.90006E+00     1.00000E+00       35     1.72081E+00     5.27274E-01     2.90008E+00     1.00000E+00  
   C         1.888     0.00000E+00     5.62        1     1.74602E+00     6.07899E-01     2.90026E+00     1.00000E+00        9     1.73594E+00     5.70918E-01     2.90015E+00     1.00000E+00       17     1.72555E+00     5.35702E-01     2.90009E+00     1.00000E+00       25     1.71830E+00     5.13946E-01     2.90007E+00     1.00000E+00       35     1.72131E+00     5.27860E-01     2.90009E+00     1.00000E+00  
   C         1.888     0.00000E+00     6.88        1     1.74665E+00     6.08622E-01     2.90032E+00     1.00000E+00        9     1.73657E+00     5.71650E-01     2.90019E+00     1.00000E+00       17     1.72617E+00     5.36436E-01     2.90012E+00     1.00000E+00       25     1.71893E+00     5.14678E-01     2.90009E+00     1.00000E+00       35     1.72193E+00     5.28593E-01     2.90012E+00     1.00000E+00  
   C         1.888     0.00000E+00     8.12        1     1.74740E+00     6.09489E-01     2.90040E+00     1.00000E+00        9     1.73732E+00     5.72528E-01     2.90024E+00     1.00000E+00       17     1.72693E+00     5.37316E-01     2.90015E+00     1.00000E+00       25     1.71968E+00     5.15556E-01     2.90012E+00     1.00000E+00       35     1.72268E+00     5.29472E-01     2.90015E+00     1.00000E+00  
   C         1.888     0.00000E+00     9.38        1     1.74827E+00     6.10499E-01     2.90051E+00     1.00000E+00        9     1.73820E+00     5.73550E-01     2.90031E+00     1.00000E+00       17     1.72781E+00     5.38341E-01     2.90019E+00     1.00000E+00       25     1.72056E+00     5.16580E-01     2.90015E+00     1.00000E+00       35     1.72356E+00     5.30496E-01     2.90019E+00     1.00000E+00  
   C         1.888     0.00000E+00    10.62        1     1.74927E+00     6.11651E-01     2.90064E+00     1.00000E+00        9     1.73920E+00     5.74717E-01     2.90039E+00     1.00000E+00       17     1.72881E+00     5.39512E-01     2.90025E+00     1.00000E+00       25     1.72156E+00     5.17748E-01     2.90019E+00     1.00000E+00       35     1.72456E+00     5.31665E-01     2.90025E+00     1.00000E+00  
   C         1.888     0.00000E+00    11.87        1     1.75040E+00     6.12944E-01     2.90082E+00     1.00000E+00        9     1.74033E+00     5.76027E-01     2.90050E+00     1.00000E+00       17     1.72994E+00     5.40827E-01     2.90032E+00     1.00000E+00       25     1.72269E+00     5.19060E-01     2.90025E+00     1.00000E+00       35     1.72569E+00     5.32978E-01     2.90032E+00     1.00000E+00  
   C         1.888     0.00000E+00    13.12        1     1.75166E+00     6.14378E-01     2.90103E+00     1.00000E+00        9     1.74159E+00     5.77479E-01     2.90064E+00     1.00000E+00       17     1.73120E+00     5.42286E-01     2.90042E+00     1.00000E+00       25     1.72395E+00     5.20517E-01     2.90032E+00     1.00000E+00       35     1.72695E+00     5.34435E-01     2.90041E+00     1.00000E+00  
   C         1.888     0.00000E+00    14.38        1     1.75304E+00     6.15952E-01     2.90131E+00     1.00000E+00        9     1.74297E+00     5.79074E-01     2.90082E+00     1.00000E+00       17     1.73259E+00     5.43887E-01     2.90054E+00     1.00000E+00       25     1.72534E+00     5.22116E-01     2.90042E+00     1.00000E+00       35     1.72833E+00     5.36034E-01     2.90053E+00     1.00000E+00  
   C         1.888     0.00000E+00    15.62        1     1.75454E+00     6.17663E-01     2.90166E+00     1.00000E+00        9     1.74448E+00     5.80810E-01     2.90105E+00     1.00000E+00       17     1.73411E+00     5.45631E-01     2.90069E+00     1.00000E+00       25     1.72685E+00     5.23858E-01     2.90054E+00     1.00000E+00       35     1.72984E+00     5.37776E-01     2.90068E+00     1.00000E+00  
   C         1.888     0.00000E+00    16.88        1     1.75618E+00     6.19512E-01     2.90209E+00     1.00000E+00        9     1.74612E+00     5.82685E-01     2.90134E+00     1.00000E+00       17     1.73575E+00     5.47516E-01     2.90089E+00     1.00000E+00       25     1.72849E+00     5.25741E-01     2.90070E+00     1.00000E+00       35     1.73148E+00     5.39659E-01     2.90087E+00     1.00000E+00  
   C         1.888     0.00000E+00    18.12        1     1.75794E+00     6.21497E-01     2.90264E+00     1.00000E+00        9     1.74789E+00     5.84699E-01     2.90171E+00     1.00000E+00       17     1.73752E+00     5.49542E-01     2.90114E+00     1.00000E+00       25     1.73026E+00     5.27764E-01     2.90090E+00     1.00000E+00       35     1.73324E+00     5.41683E-01     2.90112E+00     1.00000E+00  
   C         1.888     0.00000E+00    19.38        1     1.75984E+00     6.23616E-01     2.90331E+00     1.00000E+00        9     1.74979E+00     5.86851E-01     2.90217E+00     1.00000E+00       17     1.73942E+00     5.51706E-01     2.90146E+00     1.00000E+00       25     1.73216E+00     5.29928E-01     2.90116E+00     1.00000E+00       35     1.73514E+00     5.43845E-01     2.90143E+00     1.00000E+00  
   C         1.888     0.00000E+00    20.62        1     1.76186E+00     6.25867E-01     2.90415E+00     1.00000E+00        9     1.75181E+00     5.89138E-01     2.90275E+00     1.00000E+00       17     1.74145E+00     5.54009E-01     2.90186E+00     1.00000E+00       25     1.73420E+00     5.32230E-01     2.90149E+00     1.00000E+00       35     1.73716E+00     5.46146E-01     2.90183E+00     1.00000E+00  
   C         1.888     0.00000E+00    21.88        1     1.76401E+00     6.28250E-01     2.90520E+00     1.00000E+00        9     1.75397E+00     5.91561E-01     2.90348E+00     1.00000E+00       17     1.74362E+00     5.56448E-01     2.90237E+00     1.00000E+00       25     1.73636E+00     5.34669E-01     2.90190E+00     1.00000E+00       35     1.73932E+00     5.48584E-01     2.90232E+00     1.00000E+00  
   C         1.888     0.00000E+00    23.12        1     1.76629E+00     6.30763E-01     2.90648E+00     1.00000E+00        9     1.75626E+00     5.94116E-01     2.90438E+00     1.00000E+00       17     1.74591E+00     5.59023E-01     2.90302E+00     1.00000E+00       25     1.73865E+00     5.37245E-01     2.90243E+00     1.00000E+00       35     1.74161E+00     5.51157E-01     2.90295E+00     1.00000E+00  
   C         1.888     0.00000E+00    24.38        1     1.76871E+00     6.33403E-01     2.90806E+00     1.00000E+00        9     1.75868E+00     5.96803E-01     2.90551E+00     1.00000E+00       17     1.74834E+00     5.61732E-01     2.90383E+00     1.00000E+00       25     1.74108E+00     5.39956E-01     2.90310E+00     1.00000E+00       35     1.74403E+00     5.53865E-01     2.90374E+00     1.00000E+00  
   C         1.888     0.00000E+00    25.62        1     1.77125E+00     6.36169E-01     2.91000E+00     1.00000E+00        9     1.76123E+00     5.99620E-01     2.90692E+00     1.00000E+00       17     1.75090E+00     5.64573E-01     2.90485E+00     1.00000E+00       25     1.74364E+00     5.42801E-01     2.90394E+00     1.00000E+00       35     1.74658E+00     5.56706E-01     2.90473E+00     1.00000E+00  
   C         1.888     0.00000E+00    26.88        1     1.77393E+00     6.39058E-01     2.91237E+00     1.00000E+00        9     1.76392E+00     6.02564E-01     2.90866E+00     1.00000E+00       17     1.75359E+00     5.67546E-01     2.90613E+00     1.00000E+00       25     1.74633E+00     5.45778E-01     2.90500E+00     1.00000E+00       35     1.74927E+00     5.59678E-01     2.90597E+00     1.00000E+00  
   C         1.888     0.00000E+00    28.12        1     1.77674E+00     6.42069E-01     2.91527E+00     1.00000E+00        9     1.76674E+00     6.05635E-01     2.91081E+00     1.00000E+00       17     1.75642E+00     5.70648E-01     2.90773E+00     1.00000E+00       25     1.74916E+00     5.48886E-01     2.90633E+00     1.00000E+00       35     1.75209E+00     5.62780E-01     2.90751E+00     1.00000E+00  
   C         1.888     0.00000E+00    29.38        1     1.77969E+00     6.45199E-01     2.91878E+00     1.00000E+00        9     1.76969E+00     6.08830E-01     2.91346E+00     1.00000E+00       17     1.75938E+00     5.73877E-01     2.90973E+00     1.00000E+00       25     1.75212E+00     5.52123E-01     2.90800E+00     1.00000E+00       35     1.75505E+00     5.66010E-01     2.90944E+00     1.00000E+00  
   C         1.888     0.00000E+00    30.62        1     1.78277E+00     6.48446E-01     2.92304E+00     1.00000E+00        9     1.77279E+00     6.12146E-01     2.91671E+00     1.00000E+00       17     1.76249E+00     5.77233E-01     2.91220E+00     1.00000E+00       25     1.75523E+00     5.55488E-01     2.91008E+00     1.00000E+00       35     1.75814E+00     5.69367E-01     2.91183E+00     1.00000E+00  
   C         1.888     0.00000E+00    31.88        1     1.78599E+00     6.51807E-01     2.92818E+00     1.00000E+00        9     1.77601E+00     6.15583E-01     2.92070E+00     1.00000E+00       17     1.76572E+00     5.80712E-01     2.91527E+00     1.00000E+00       25     1.75846E+00     5.58979E-01     2.91268E+00     1.00000E+00       35     1.76137E+00     5.72848E-01     2.91479E+00     1.00000E+00  
   C         1.888     0.00000E+00    33.12        1     1.78935E+00     6.55280E-01     2.93437E+00     1.00000E+00        9     1.77938E+00     6.19137E-01     2.92556E+00     1.00000E+00       17     1.76910E+00     5.84313E-01     2.91906E+00     1.00000E+00       25     1.76184E+00     5.62593E-01     2.91592E+00     1.00000E+00       35     1.76474E+00     5.76452E-01     2.91844E+00     1.00000E+00  
   C         1.888     0.00000E+00    34.38        1     1.79284E+00     6.58862E-01     2.94178E+00     1.00000E+00        9     1.78288E+00     6.22806E-01     2.93147E+00     1.00000E+00       17     1.77262E+00     5.88034E-01     2.92373E+00     1.00000E+00       25     1.76536E+00     5.66330E-01     2.91993E+00     1.00000E+00       35     1.76825E+00     5.80176E-01     2.92294E+00     1.00000E+00  
   C         1.888     0.00000E+00    35.62        1     1.79648E+00     6.62551E-01     2.95062E+00     1.00000E+00        9     1.78653E+00     6.26588E-01     2.93863E+00     1.00000E+00       17     1.77627E+00     5.91872E-01     2.92946E+00     1.00000E+00       25     1.76902E+00     5.70187E-01     2.92489E+00     1.00000E+00       35     1.77189E+00     5.84019E-01     2.92847E+00     1.00000E+00  
   C         1.888     0.00000E+00    36.88        1     1.80025E+00     6.66343E-01     2.96115E+00     1.00000E+00        9     1.79031E+00     6.30479E-01     2.94728E+00     1.00000E+00       17     1.78007E+00     5.95826E-01     2.93648E+00     1.00000E+00       25     1.77282E+00     5.74162E-01     2.93101E+00     1.00000E+00       35     1.77569E+00     5.87978E-01     2.93524E+00     1.00000E+00  
   C         1.888     0.00000E+00    38.12        1     1.80417E+00     6.70236E-01     2.97361E+00     1.00000E+00        9     1.79424E+00     6.34479E-01     2.95769E+00     1.00000E+00       17     1.78401E+00     5.99892E-01     2.94505E+00     1.00000E+00       25     1.77677E+00     5.78253E-01     2.93853E+00     1.00000E+00       35     1.77962E+00     5.92051E-01     2.94350E+00     1.00000E+00  
   C         1.888     0.00000E+00    39.38        1     1.80823E+00     6.74227E-01     2.98832E+00     1.00000E+00        9     1.79831E+00     6.38582E-01     2.97016E+00     1.00000E+00       17     1.78810E+00     6.04069E-01     2.95546E+00     1.00000E+00       25     1.78086E+00     5.82458E-01     2.94774E+00     1.00000E+00       35     1.78370E+00     5.96236E-01     2.95356E+00     1.00000E+00  
   C         1.888     0.00000E+00    40.62        1     1.81243E+00     6.78312E-01     3.00562E+00     1.00000E+00        9     1.80252E+00     6.42788E-01     2.98506E+00     1.00000E+00       17     1.79233E+00     6.08354E-01     2.96808E+00     1.00000E+00       25     1.78510E+00     5.86773E-01     2.95900E+00     1.00000E+00       35     1.78792E+00     6.00530E-01     2.96574E+00     1.00000E+00  
   C         1.888     0.00000E+00    41.88        1     1.81678E+00     6.82488E-01     3.02587E+00     1.00000E+00        9     1.80688E+00     6.47092E-01     3.00278E+00     1.00000E+00       17     1.79671E+00     6.12744E-01     2.98331E+00     1.00000E+00       25     1.78948E+00     5.91198E-01     2.97272E+00     1.00000E+00       35     1.79229E+00     6.04930E-01     2.98047E+00     1.00000E+00  
   C         1.888     0.00000E+00    43.12        1     1.82128E+00     6.86752E-01     3.04948E+00     1.00000E+00        9     1.81139E+00     6.51492E-01     3.02377E+00     1.00000E+00       17     1.80123E+00     6.17236E-01     3.00163E+00     1.00000E+00       25     1.79402E+00     5.95728E-01     2.98936E+00     1.00000E+00       35     1.79681E+00     6.09434E-01     2.99822E+00     1.00000E+00  
   C         1.888     0.00000E+00    44.38        1     1.82592E+00     6.91100E-01     3.07690E+00     1.00000E+00        9     1.81604E+00     6.55984E-01     3.04855E+00     1.00000E+00       17     1.80591E+00     6.21828E-01     3.02359E+00     1.00000E+00       25     1.79870E+00     6.00362E-01     3.00949E+00     1.00000E+00       35     1.80148E+00     6.14038E-01     3.01951E+00     1.00000E+00  
   C         1.888     0.00000E+00    45.62        1     1.83071E+00     6.95529E-01     3.10861E+00     1.00000E+00        9     1.82085E+00     6.60565E-01     3.07768E+00     1.00000E+00       17     1.81074E+00     6.26517E-01     3.04982E+00     1.00000E+00       25     1.80354E+00     6.05097E-01     3.03377E+00     1.00000E+00       35     1.80630E+00     6.18741E-01     3.04499E+00     1.00000E+00  
   C         1.888     0.00000E+00    46.87        1     1.83566E+00     7.00036E-01     3.14515E+00     1.00000E+00        9     1.82580E+00     6.65233E-01     3.11180E+00     1.00000E+00       17     1.81571E+00     6.31299E-01     3.08103E+00     1.00000E+00       25     1.80852E+00     6.09929E-01     3.06294E+00     1.00000E+00       35     1.81127E+00     6.23539E-01     3.07537E+00     1.00000E+00  
   C         1.888     0.00000E+00    48.12        1     1.84075E+00     7.04616E-01     3.18706E+00     1.00000E+00        9     1.83091E+00     6.69983E-01     3.15161E+00     1.00000E+00       17     1.82084E+00     6.36171E-01     3.11805E+00     1.00000E+00       25     1.81367E+00     6.14857E-01     3.09788E+00     1.00000E+00       35     1.81639E+00     6.28429E-01     3.11148E+00     1.00000E+00  
   C         1.888     0.00000E+00    49.38        1     1.84600E+00     7.09265E-01     3.23495E+00     1.00000E+00        9     1.83617E+00     6.74812E-01     3.19787E+00     1.00000E+00       17     1.82613E+00     6.41130E-01     3.16179E+00     1.00000E+00       25     1.81897E+00     6.19876E-01     3.13962E+00     1.00000E+00       35     1.82168E+00     6.33408E-01     3.15427E+00     1.00000E+00  
   C         1.888     0.00000E+00    50.62        1     1.85140E+00     7.13981E-01     3.28941E+00     1.00000E+00        9     1.84158E+00     6.79716E-01     3.25142E+00     1.00000E+00       17     1.83157E+00     6.46174E-01     3.21331E+00     1.00000E+00       25     1.82442E+00     6.24984E-01     3.18932E+00     1.00000E+00       35     1.82711E+00     6.38472E-01     3.20481E+00     1.00000E+00  
   C         1.888     0.00000E+00    51.88        1     1.85697E+00     7.18759E-01     3.35106E+00     1.00000E+00        9     1.84716E+00     6.84691E-01     3.31311E+00     1.00000E+00       17     1.83717E+00     6.51297E-01     3.27375E+00     1.00000E+00       25     1.83004E+00     6.30178E-01     3.24830E+00     1.00000E+00       35     1.83271E+00     6.43619E-01     3.26434E+00     1.00000E+00  
   C         1.888     0.00000E+00    53.12        1     1.86269E+00     7.23595E-01     3.42047E+00     1.00000E+00        9     1.85289E+00     6.89735E-01     3.38378E+00     1.00000E+00       17     1.84294E+00     6.56497E-01     3.34433E+00     1.00000E+00       25     1.83582E+00     6.35453E-01     3.31804E+00     1.00000E+00       35     1.83847E+00     6.48844E-01     3.33417E+00     1.00000E+00  
   C         1.888     0.00000E+00    54.38        1     1.86857E+00     7.28484E-01     3.49813E+00     1.00000E+00        9     1.85878E+00     6.94842E-01     3.46421E+00     1.00000E+00       17     1.84886E+00     6.61771E-01     3.42626E+00     1.00000E+00       25     1.84176E+00     6.40807E-01     3.40008E+00     1.00000E+00       35     1.84438E+00     6.54144E-01     3.41569E+00     1.00000E+00  
   C         1.888     0.00000E+00    55.62        1     1.87461E+00     7.33424E-01     3.58438E+00     1.00000E+00        9     1.86483E+00     7.00009E-01     3.55503E+00     1.00000E+00       17     1.85494E+00     6.67113E-01     3.52066E+00     1.00000E+00       25     1.84786E+00     6.46237E-01     3.49598E+00     1.00000E+00       35     1.85047E+00     6.59516E-01     3.51023E+00     1.00000E+00  
   C         1.888     0.00000E+00    56.88        1     1.88081E+00     7.38409E-01     3.67934E+00     1.00000E+00        9     1.87104E+00     7.05233E-01     3.65658E+00     1.00000E+00       17     1.86119E+00     6.72522E-01     3.62838E+00     1.00000E+00       25     1.85413E+00     6.51738E-01     3.60706E+00     1.00000E+00       35     1.85671E+00     6.64956E-01     3.61889E+00     1.00000E+00  
   C         1.888     0.00000E+00    58.12        1     1.88718E+00     7.43435E-01     3.78283E+00     1.00000E+00        9     1.87742E+00     7.10508E-01     3.76879E+00     1.00000E+00       17     1.86760E+00     6.77992E-01     3.74975E+00     1.00000E+00       25     1.86056E+00     6.57306E-01     3.73416E+00     1.00000E+00       35     1.86312E+00     6.70460E-01     3.74231E+00     1.00000E+00  
   C         1.888     0.00000E+00    59.38        1     1.89366E+00     7.48498E-01     3.89442E+00     1.00000E+00        9     1.88390E+00     7.15830E-01     3.89088E+00     1.00000E+00       17     1.87412E+00     6.83520E-01     3.88418E+00     1.00000E+00       25     1.86711E+00     6.62939E-01     3.87706E+00     1.00000E+00       35     1.86964E+00     6.76023E-01     3.88012E+00     1.00000E+00  
   C         1.888     0.00000E+00    60.00        1     1.89677E+00     7.51059E-01     3.90000E+00     1.00000E+00        9     1.88702E+00     7.18525E-01     3.89074E+00     1.00000E+00       17     1.87725E+00     6.86322E-01     3.88403E+00     1.00000E+00       25     1.87025E+00     6.65796E-01     3.87692E+00     1.00000E+00       35     1.87276E+00     6.78844E-01     3.88001E+00     1.00000E+00  
