   C         0.469     0.00000E+00     0.00        1     1.71259E+00     1.34030E-01     2.90000E+00     1.00000E+00       12     1.69039E+00     1.04360E-01     2.90000E+00     1.00000E+00       23     1.65480E+00     6.98399E-02     2.90000E+00     1.00000E+00       34     1.59895E+00     3.57604E-02     2.90000E+00     1.00000E+00       45     1.55668E+00     2.00626E-02     2.90000E+00     1.00000E+00  
   C         0.469     0.00000E+00     0.47        1     1.71259E+00     1.34030E-01     2.90000E+00     1.00000E+00       12     1.69039E+00     1.04360E-01     2.90000E+00     1.00000E+00       23     1.65480E+00     6.98399E-02     2.90000E+00     1.00000E+00       34     1.59895E+00     3.57604E-02     2.90000E+00     1.00000E+00       45     1.55668E+00     2.00626E-02     2.90000E+00     1.00000E+00  
   C         0.469     0.00000E+00     1.41        1     1.71268E+00     1.34088E-01     2.90000E+00     1.00000E+00       12     1.69048E+00     1.04413E-01     2.90000E+00     1.00000E+00       23     1.65490E+00     6.98842E-02     2.90000E+00     1.00000E+00       34     1.59906E+00     3.57930E-02     2.90000E+00     1.00000E+00       45     1.55679E+00     2.00872E-02     2.90000E+00     1.00000E+00  
   C         0.469     0.00000E+00     2.34        1     1.71286E+00     1.34205E-01     2.90000E+00     1.00000E+00       12     1.69066E+00     1.04519E-01     2.90000E+00     1.00000E+00       23     1.65510E+00     6.99729E-02     2.90000E+00     1.00000E+00       34     1.59926E+00     3.58582E-02     2.90000E+00     1.00000E+00       45     1.55700E+00     2.01365E-02     2.90000E+00     1.00000E+00  
   C         0.469     0.00000E+00     3.28        1     1.71313E+00     1.34381E-01     2.90000E+00     1.00000E+00       12     1.69094E+00     1.04677E-01     2.90000E+00     1.00000E+00       23     1.65539E+00     7.01061E-02     2.90000E+00     1.00000E+00       34     1.59957E+00     3.59562E-02     2.90000E+00     1.00000E+00       45     1.55732E+00     2.02106E-02     2.90000E+00     1.00000E+00  
   C         0.469     0.00000E+00     4.22        1     1.71349E+00     1.34615E-01     2.90000E+00     1.00000E+00       12     1.69132E+00     1.04889E-01     2.90000E+00     1.00000E+00       23     1.65578E+00     7.02838E-02     2.90000E+00     1.00000E+00       34     1.59999E+00     3.60869E-02     2.90000E+00     1.00000E+00       45     1.55774E+00     2.03096E-02     2.90000E+00     1.00000E+00  
   C         0.469     0.00000E+00     5.16        1     1.71394E+00     1.34908E-01     2.90000E+00     1.00000E+00       12     1.69178E+00     1.05153E-01     2.90000E+00     1.00000E+00       23     1.65627E+00     7.05062E-02     2.90000E+00     1.00000E+00       34     1.60050E+00     3.62507E-02     2.90000E+00     1.00000E+00       45     1.55827E+00     2.04336E-02     2.90000E+00     1.00000E+00  
   C         0.469     0.00000E+00     6.09        1     1.71448E+00     1.35260E-01     2.90000E+00     1.00000E+00       12     1.69234E+00     1.05471E-01     2.90000E+00     1.00000E+00       23     1.65686E+00     7.07735E-02     2.90000E+00     1.00000E+00       34     1.60112E+00     3.64477E-02     2.90000E+00     1.00000E+00       45     1.55891E+00     2.05830E-02     2.90000E+00     1.00000E+00  
   C         0.469     0.00000E+00     7.03        1     1.71511E+00     1.35671E-01     2.90000E+00     1.00000E+00       12     1.69299E+00     1.05842E-01     2.90000E+00     1.00000E+00       23     1.65754E+00     7.10859E-02     2.90000E+00     1.00000E+00       34     1.60185E+00     3.66782E-02     2.90000E+00     1.00000E+00       45     1.55965E+00     2.07578E-02     2.90000E+00     1.00000E+00  
   C         0.469     0.00000E+00     7.97        1     1.71583E+00     1.36141E-01     2.90000E+00     1.00000E+00       12     1.69374E+00     1.06266E-01     2.90000E+00     1.00000E+00       23     1.65833E+00     7.14436E-02     2.90000E+00     1.00000E+00       34     1.60268E+00     3.69424E-02     2.90000E+00     1.00000E+00       45     1.56050E+00     2.09586E-02     2.90000E+00     1.00000E+00  
   C         0.469     0.00000E+00     8.91        1     1.71664E+00     1.36671E-01     2.90000E+00     1.00000E+00       12     1.69458E+00     1.06745E-01     2.90000E+00     1.00000E+00       23     1.65921E+00     7.18470E-02     2.90000E+00     1.00000E+00       34     1.60361E+00     3.72406E-02     2.90000E+00     1.00000E+00       45     1.56146E+00     2.11855E-02     2.90000E+00     1.00000E+00  
   C         0.469     0.00000E+00     9.84        1     1.71754E+00     1.37260E-01     2.90000E+00     1.00000E+00       12     1.69551E+00     1.07278E-01     2.90000E+00     1.00000E+00       23     1.66019E+00     7.22963E-02     2.90000E+00     1.00000E+00       34     1.60465E+00     3.75734E-02     2.90000E+00     1.00000E+00       45     1.56252E+00     2.14390E-02     2.90000E+00     1.00000E+00  
   C         0.469     0.00000E+00    10.78        1     1.71853E+00     1.37909E-01     2.90000E+00     1.00000E+00       12     1.69653E+00     1.07865E-01     2.90000E+00     1.00000E+00       23     1.66127E+00     7.27920E-02     2.90000E+00     1.00000E+00       34     1.60579E+00     3.79410E-02     2.90000E+00     1.00000E+00       45     1.56370E+00     2.17196E-02     2.90000E+00     1.00000E+00  
   C         0.469     0.00000E+00    11.72        1     1.71961E+00     1.38619E-01     2.90000E+00     1.00000E+00       12     1.69765E+00     1.08507E-01     2.90000E+00     1.00000E+00       23     1.66245E+00     7.33344E-02     2.90000E+00     1.00000E+00       34     1.60703E+00     3.83439E-02     2.90000E+00     1.00000E+00       45     1.56497E+00     2.20276E-02     2.90000E+00     1.00000E+00  
   C         0.469     0.00000E+00    12.66        1     1.72078E+00     1.39389E-01     2.90000E+00     1.00000E+00       12     1.69887E+00     1.09204E-01     2.90000E+00     1.00000E+00       23     1.66373E+00     7.39240E-02     2.90000E+00     1.00000E+00       34     1.60838E+00     3.87827E-02     2.90000E+00     1.00000E+00       45     1.56636E+00     2.23638E-02     2.90000E+00     1.00000E+00  
   C         0.469     0.00000E+00    13.59        1     1.72205E+00     1.40219E-01     2.90000E+00     1.00000E+00       12     1.70018E+00     1.09957E-01     2.90000E+00     1.00000E+00       23     1.66510E+00     7.45612E-02     2.90000E+00     1.00000E+00       34     1.60984E+00     3.92578E-02     2.90000E+00     1.00000E+00       45     1.56786E+00     2.27285E-02     2.90000E+00     1.00000E+00  
   C         0.469     0.00000E+00    14.53        1     1.72340E+00     1.41112E-01     2.90000E+00     1.00000E+00       12     1.70158E+00     1.10766E-01     2.90000E+00     1.00000E+00       23     1.66658E+00     7.52466E-02     2.90000E+00     1.00000E+00       34     1.61140E+00     3.97699E-02     2.90000E+00     1.00000E+00       45     1.56946E+00     2.31224E-02     2.90000E+00     1.00000E+00  
   C         0.469     0.00000E+00    15.47        1     1.72485E+00     1.42065E-01     2.90000E+00     1.00000E+00       12     1.70308E+00     1.11631E-01     2.90000E+00     1.00000E+00       23     1.66816E+00     7.59807E-02     2.90000E+00     1.00000E+00       34     1.61307E+00     4.03195E-02     2.90000E+00     1.00000E+00       45     1.57117E+00     2.35463E-02     2.90000E+00     1.00000E+00  
   C         0.469     0.00000E+00    16.41        1     1.72639E+00     1.43081E-01     2.90000E+00     1.00000E+00       12     1.70467E+00     1.12553E-01     2.90000E+00     1.00000E+00       23     1.66984E+00     7.67641E-02     2.90000E+00     1.00000E+00       34     1.61484E+00     4.09075E-02     2.90000E+00     1.00000E+00       45     1.57299E+00     2.40007E-02     2.90000E+00     1.00000E+00  
   C         0.469     0.00000E+00    17.34        1     1.72802E+00     1.44159E-01     2.90000E+00     1.00000E+00       12     1.70636E+00     1.13533E-01     2.90000E+00     1.00000E+00       23     1.67161E+00     7.75974E-02     2.90000E+00     1.00000E+00       34     1.61673E+00     4.15343E-02     2.90000E+00     1.00000E+00       45     1.57492E+00     2.44864E-02     2.90000E+00     1.00000E+00  
   C         0.469     0.00000E+00    18.28        1     1.72975E+00     1.45301E-01     2.90000E+00     1.00000E+00       12     1.70815E+00     1.14570E-01     2.90000E+00     1.00000E+00       23     1.67349E+00     7.84813E-02     2.90000E+00     1.00000E+00       34     1.61871E+00     4.22009E-02     2.90000E+00     1.00000E+00       45     1.57696E+00     2.50043E-02     2.90000E+00     1.00000E+00  
   C         0.469     0.00000E+00    19.22        1     1.73156E+00     1.46505E-01     2.90000E+00     1.00000E+00       12     1.71003E+00     1.15667E-01     2.90000E+00     1.00000E+00       23     1.67547E+00     7.94164E-02     2.90000E+00     1.00000E+00       34     1.62081E+00     4.29080E-02     2.90000E+00     1.00000E+00       45     1.57912E+00     2.55552E-02     2.90000E+00     1.00000E+00  
   C         0.469     0.00000E+00    20.16        1     1.73347E+00     1.47774E-01     2.90000E+00     1.00000E+00       12     1.71200E+00     1.16822E-01     2.90000E+00     1.00000E+00       23     1.67756E+00     8.04035E-02     2.90000E+00     1.00000E+00       34     1.62301E+00     4.36565E-02     2.90000E+00     1.00000E+00       45     1.58138E+00     2.61399E-02     2.90000E+00     1.00000E+00  
   C         0.469     0.00000E+00    21.09        1     1.73548E+00     1.49107E-01     2.90000E+00     1.00000E+00       12     1.71408E+00     1.18038E-01     2.90000E+00     1.00000E+00       23     1.67974E+00     8.14433E-02     2.90000E+00     1.00000E+00       34     1.62533E+00     4.44471E-02     2.90000E+00     1.00000E+00       45     1.58375E+00     2.67594E-02     2.90000E+00     1.00000E+00  
   C         0.469     0.00000E+00    22.03        1     1.73758E+00     1.50505E-01     2.90000E+00     1.00000E+00       12     1.71625E+00     1.19313E-01     2.90000E+00     1.00000E+00       23     1.68203E+00     8.25367E-02     2.90000E+00     1.00000E+00       34     1.62775E+00     4.52809E-02     2.90000E+00     1.00000E+00       45     1.58624E+00     2.74146E-02     2.90000E+00     1.00000E+00  
   C         0.469     0.00000E+00    22.97        1     1.73977E+00     1.51969E-01     2.90000E+00     1.00000E+00       12     1.71851E+00     1.20651E-01     2.90000E+00     1.00000E+00       23     1.68442E+00     8.36844E-02     2.90000E+00     1.00000E+00       34     1.63028E+00     4.61588E-02     2.90000E+00     1.00000E+00       45     1.58884E+00     2.81065E-02     2.90000E+00     1.00000E+00  
   C         0.469     0.00000E+00    23.91        1     1.74206E+00     1.53499E-01     2.90000E+00     1.00000E+00       12     1.72088E+00     1.22050E-01     2.90000E+00     1.00000E+00       23     1.68691E+00     8.48873E-02     2.90000E+00     1.00000E+00       34     1.63292E+00     4.70818E-02     2.90000E+00     1.00000E+00       45     1.59155E+00     2.88363E-02     2.90000E+00     1.00000E+00  
   C         0.469     0.00000E+00    24.84        1     1.74444E+00     1.55095E-01     2.90000E+00     1.00000E+00       12     1.72334E+00     1.23511E-01     2.90000E+00     1.00000E+00       23     1.68951E+00     8.61463E-02     2.90000E+00     1.00000E+00       34     1.63567E+00     4.80509E-02     2.90000E+00     1.00000E+00       45     1.59438E+00     2.96050E-02     2.90000E+00     1.00000E+00  
   C         0.469     0.00000E+00    25.78        1     1.74692E+00     1.56760E-01     2.90000E+00     1.00000E+00       12     1.72590E+00     1.25036E-01     2.90000E+00     1.00000E+00       23     1.69221E+00     8.74624E-02     2.90000E+00     1.00000E+00       34     1.63853E+00     4.90672E-02     2.90000E+00     1.00000E+00       45     1.59732E+00     3.04138E-02     2.90000E+00     1.00000E+00  
   C         0.469     0.00000E+00    26.72        1     1.74950E+00     1.58492E-01     2.90000E+00     1.00000E+00       12     1.72856E+00     1.26625E-01     2.90000E+00     1.00000E+00       23     1.69502E+00     8.88365E-02     2.90000E+00     1.00000E+00       34     1.64151E+00     5.01319E-02     2.90000E+00     1.00000E+00       45     1.60037E+00     3.12639E-02     2.90000E+00     1.00000E+00  
   C         0.469     0.00000E+00    27.66        1     1.75218E+00     1.60293E-01     2.90001E+00     1.00000E+00       12     1.73132E+00     1.28280E-01     2.90000E+00     1.00000E+00       23     1.69793E+00     9.02696E-02     2.90000E+00     1.00000E+00       34     1.64460E+00     5.12460E-02     2.90000E+00     1.00000E+00       45     1.60354E+00     3.21563E-02     2.90000E+00     1.00000E+00  
   C         0.469     0.00000E+00    28.59        1     1.75495E+00     1.62163E-01     2.90001E+00     1.00000E+00       12     1.73418E+00     1.30000E-01     2.90000E+00     1.00000E+00       23     1.70095E+00     9.17626E-02     2.90000E+00     1.00000E+00       34     1.64780E+00     5.24108E-02     2.90000E+00     1.00000E+00       45     1.60683E+00     3.30925E-02     2.90000E+00     1.00000E+00  
   C         0.469     0.00000E+00    29.53        1     1.75782E+00     1.64104E-01     2.90002E+00     1.00000E+00       12     1.73714E+00     1.31787E-01     2.90001E+00     1.00000E+00       23     1.70407E+00     9.33167E-02     2.90000E+00     1.00000E+00       34     1.65111E+00     5.36275E-02     2.90000E+00     1.00000E+00       45     1.61023E+00     3.40736E-02     2.90000E+00     1.00000E+00  
   C         0.469     0.00000E+00    30.47        1     1.76080E+00     1.66116E-01     2.90003E+00     1.00000E+00       12     1.74019E+00     1.33641E-01     2.90001E+00     1.00000E+00       23     1.70730E+00     9.49329E-02     2.90000E+00     1.00000E+00       34     1.65454E+00     5.48973E-02     2.90000E+00     1.00000E+00       45     1.61376E+00     3.51011E-02     2.90000E+00     1.00000E+00  
   C         0.469     0.00000E+00    31.41        1     1.76387E+00     1.68199E-01     2.90004E+00     1.00000E+00       12     1.74335E+00     1.35564E-01     2.90001E+00     1.00000E+00       23     1.71064E+00     9.66123E-02     2.90000E+00     1.00000E+00       34     1.65808E+00     5.62216E-02     2.90000E+00     1.00000E+00       45     1.61740E+00     3.61763E-02     2.90000E+00     1.00000E+00  
   C         0.469     0.00000E+00    32.34        1     1.76705E+00     1.70354E-01     2.90007E+00     1.00000E+00       12     1.74662E+00     1.37556E-01     2.90002E+00     1.00000E+00       23     1.71409E+00     9.83560E-02     2.90000E+00     1.00000E+00       34     1.66174E+00     5.76017E-02     2.90000E+00     1.00000E+00       45     1.62116E+00     3.73006E-02     2.90000E+00     1.00000E+00  
   C         0.469     0.00000E+00    33.28        1     1.77032E+00     1.72583E-01     2.90010E+00     1.00000E+00       12     1.74998E+00     1.39619E-01     2.90004E+00     1.00000E+00       23     1.71764E+00     1.00165E-01     2.90001E+00     1.00000E+00       34     1.66552E+00     5.90390E-02     2.90000E+00     1.00000E+00       45     1.62504E+00     3.84754E-02     2.90000E+00     1.00000E+00  
   C         0.469     0.00000E+00    34.22        1     1.77371E+00     1.74886E-01     2.90016E+00     1.00000E+00       12     1.75344E+00     1.41752E-01     2.90006E+00     1.00000E+00       23     1.72130E+00     1.02041E-01     2.90001E+00     1.00000E+00       34     1.66942E+00     6.05347E-02     2.90000E+00     1.00000E+00       45     1.62904E+00     3.97022E-02     2.90000E+00     1.00000E+00  
   C         0.469     0.00000E+00    35.16        1     1.77720E+00     1.77263E-01     2.90024E+00     1.00000E+00       12     1.75701E+00     1.43958E-01     2.90010E+00     1.00000E+00       23     1.72508E+00     1.03985E-01     2.90002E+00     1.00000E+00       34     1.67343E+00     6.20905E-02     2.90000E+00     1.00000E+00       45     1.63316E+00     4.09826E-02     2.90000E+00     1.00000E+00  
   C         0.469     0.00000E+00    36.09        1     1.78079E+00     1.79715E-01     2.90037E+00     1.00000E+00       12     1.76068E+00     1.46237E-01     2.90015E+00     1.00000E+00       23     1.72896E+00     1.05997E-01     2.90004E+00     1.00000E+00       34     1.67756E+00     6.37076E-02     2.90000E+00     1.00000E+00       45     1.63740E+00     4.23180E-02     2.90000E+00     1.00000E+00  
   C         0.469     0.00000E+00    37.03        1     1.78450E+00     1.82244E-01     2.90056E+00     1.00000E+00       12     1.76446E+00     1.48590E-01     2.90023E+00     1.00000E+00       23     1.73296E+00     1.08080E-01     2.90006E+00     1.00000E+00       34     1.68181E+00     6.53876E-02     2.90001E+00     1.00000E+00       45     1.64177E+00     4.37100E-02     2.90000E+00     1.00000E+00  
   C         0.469     0.00000E+00    37.97        1     1.78831E+00     1.84849E-01     2.90083E+00     1.00000E+00       12     1.76834E+00     1.51018E-01     2.90036E+00     1.00000E+00       23     1.73706E+00     1.10234E-01     2.90010E+00     1.00000E+00       34     1.68618E+00     6.71319E-02     2.90001E+00     1.00000E+00       45     1.64627E+00     4.51603E-02     2.90000E+00     1.00000E+00  
   C         0.469     0.00000E+00    38.91        1     1.79224E+00     1.87533E-01     2.90124E+00     1.00000E+00       12     1.77232E+00     1.53523E-01     2.90056E+00     1.00000E+00       23     1.74128E+00     1.12461E-01     2.90016E+00     1.00000E+00       34     1.69068E+00     6.89421E-02     2.90002E+00     1.00000E+00       45     1.65088E+00     4.66703E-02     2.90000E+00     1.00000E+00  
   C         0.469     0.00000E+00    39.84        1     1.79627E+00     1.90295E-01     2.90182E+00     1.00000E+00       12     1.77641E+00     1.56104E-01     2.90086E+00     1.00000E+00       23     1.74561E+00     1.14762E-01     2.90026E+00     1.00000E+00       34     1.69529E+00     7.08198E-02     2.90004E+00     1.00000E+00       45     1.65563E+00     4.82418E-02     2.90001E+00     1.00000E+00  
   C         0.469     0.00000E+00    40.78        1     1.80043E+00     1.93136E-01     2.90267E+00     1.00000E+00       12     1.78061E+00     1.58763E-01     2.90131E+00     1.00000E+00       23     1.75006E+00     1.17138E-01     2.90042E+00     1.00000E+00       34     1.70003E+00     7.27664E-02     2.90007E+00     1.00000E+00       45     1.66050E+00     4.98765E-02     2.90002E+00     1.00000E+00  
   C         0.469     0.00000E+00    41.72        1     1.80470E+00     1.96057E-01     2.90389E+00     1.00000E+00       12     1.78491E+00     1.61501E-01     2.90198E+00     1.00000E+00       23     1.75462E+00     1.19591E-01     2.90067E+00     1.00000E+00       34     1.70490E+00     7.47835E-02     2.90012E+00     1.00000E+00       45     1.66550E+00     5.15760E-02     2.90003E+00     1.00000E+00  
   C         0.469     0.00000E+00    42.66        1     1.80909E+00     1.99059E-01     2.90562E+00     1.00000E+00       12     1.78932E+00     1.64319E-01     2.90297E+00     1.00000E+00       23     1.75929E+00     1.22121E-01     2.90106E+00     1.00000E+00       34     1.70988E+00     7.68727E-02     2.90020E+00     1.00000E+00       45     1.67063E+00     5.33419E-02     2.90006E+00     1.00000E+00  
   C         0.469     0.00000E+00    43.59        1     1.81361E+00     2.02143E-01     2.90806E+00     1.00000E+00       12     1.79384E+00     1.67218E-01     2.90443E+00     1.00000E+00       23     1.76408E+00     1.24730E-01     2.90167E+00     1.00000E+00       34     1.71500E+00     7.90356E-02     2.90034E+00     1.00000E+00       45     1.67589E+00     5.51761E-02     2.90010E+00     1.00000E+00  
   C         0.469     0.00000E+00    44.53        1     1.81825E+00     2.05309E-01     2.91148E+00     1.00000E+00       12     1.79847E+00     1.70198E-01     2.90655E+00     1.00000E+00       23     1.76899E+00     1.27420E-01     2.90261E+00     1.00000E+00       34     1.72024E+00     8.12738E-02     2.90058E+00     1.00000E+00       45     1.68128E+00     5.70802E-02     2.90018E+00     1.00000E+00  
   C         0.469     0.00000E+00    45.47        1     1.82302E+00     2.08558E-01     2.91623E+00     1.00000E+00       12     1.80320E+00     1.73262E-01     2.90962E+00     1.00000E+00       23     1.77401E+00     1.30191E-01     2.90405E+00     1.00000E+00       34     1.72561E+00     8.35888E-02     2.90098E+00     1.00000E+00       45     1.68680E+00     5.90559E-02     2.90032E+00     1.00000E+00  
   C         0.469     0.00000E+00    46.41        1     1.82792E+00     2.11891E-01     2.92276E+00     1.00000E+00       12     1.80804E+00     1.76409E-01     2.91400E+00     1.00000E+00       23     1.77915E+00     1.33044E-01     2.90624E+00     1.00000E+00       34     1.73111E+00     8.59823E-02     2.90164E+00     1.00000E+00       45     1.69245E+00     6.11051E-02     2.90057E+00     1.00000E+00  
   C         0.469     0.00000E+00    47.34        1     1.83295E+00     2.15308E-01     2.93167E+00     1.00000E+00       12     1.81300E+00     1.79640E-01     2.92021E+00     1.00000E+00       23     1.78440E+00     1.35981E-01     2.90954E+00     1.00000E+00       34     1.73674E+00     8.84558E-02     2.90271E+00     1.00000E+00       45     1.69824E+00     6.32295E-02     2.90099E+00     1.00000E+00  
   C         0.469     0.00000E+00    48.28        1     1.83812E+00     2.18810E-01     2.94370E+00     1.00000E+00       12     1.81806E+00     1.82958E-01     2.92893E+00     1.00000E+00       23     1.78978E+00     1.39004E-01     2.91445E+00     1.00000E+00       34     1.74249E+00     9.10110E-02     2.90445E+00     1.00000E+00       45     1.70417E+00     6.54307E-02     2.90171E+00     1.00000E+00  
   C         0.469     0.00000E+00    49.22        1     1.84343E+00     2.22398E-01     2.95981E+00     1.00000E+00       12     1.82324E+00     1.86361E-01     2.94107E+00     1.00000E+00       23     1.79527E+00     1.42113E-01     2.92169E+00     1.00000E+00       34     1.74838E+00     9.36494E-02     2.90724E+00     1.00000E+00       45     1.71023E+00     6.77107E-02     2.90294E+00     1.00000E+00  
   C         0.469     0.00000E+00    50.16        1     1.84889E+00     2.26073E-01     2.98115E+00     1.00000E+00       12     1.82852E+00     1.89852E-01     2.95778E+00     1.00000E+00       23     1.80088E+00     1.45309E-01     2.93226E+00     1.00000E+00       34     1.75441E+00     9.63726E-02     2.91169E+00     1.00000E+00       45     1.71642E+00     7.00711E-02     2.90501E+00     1.00000E+00  
   C         0.469     0.00000E+00    51.09        1     1.85450E+00     2.29835E-01     3.00914E+00     1.00000E+00       12     1.83392E+00     1.93431E-01     2.98055E+00     1.00000E+00       23     1.80662E+00     1.48594E-01     2.94754E+00     1.00000E+00       34     1.76056E+00     9.91822E-02     2.91871E+00     1.00000E+00       45     1.72276E+00     7.25137E-02     2.90845E+00     1.00000E+00  
   C         0.469     0.00000E+00    52.03        1     1.86025E+00     2.33684E-01     3.04545E+00     1.00000E+00       12     1.83943E+00     1.97098E-01     3.01126E+00     1.00000E+00       23     1.81247E+00     1.51968E-01     2.96937E+00     1.00000E+00       34     1.76685E+00     1.02080E-01     2.92966E+00     1.00000E+00       45     1.72923E+00     7.50403E-02     2.91414E+00     1.00000E+00  
   C         0.469     0.00000E+00    52.97        1     1.86617E+00     2.37622E-01     3.09199E+00     1.00000E+00       12     1.84505E+00     2.00855E-01     3.05216E+00     1.00000E+00       23     1.81844E+00     1.55433E-01     3.00023E+00     1.00000E+00       34     1.77328E+00     1.05067E-01     2.94655E+00     1.00000E+00       45     1.73585E+00     7.76526E-02     2.92346E+00     1.00000E+00  
   C         0.469     0.00000E+00    53.91        1     1.87225E+00     2.41648E-01     3.15093E+00     1.00000E+00       12     1.85079E+00     2.04703E-01     3.10600E+00     1.00000E+00       23     1.82454E+00     1.58990E-01     3.04334E+00     1.00000E+00       34     1.77984E+00     1.08144E-01     2.97229E+00     1.00000E+00       45     1.74260E+00     8.03524E-02     2.93858E+00     1.00000E+00  
   C         0.469     0.00000E+00    54.84        1     1.87849E+00     2.45763E-01     3.22459E+00     1.00000E+00       12     1.85664E+00     2.08642E-01     3.17589E+00     1.00000E+00       23     1.83075E+00     1.62640E-01     3.10285E+00     1.00000E+00       34     1.78653E+00     1.11315E-01     3.01099E+00     1.00000E+00       45     1.74950E+00     8.31414E-02     2.96285E+00     1.00000E+00  
   C         0.469     0.00000E+00    55.78        1     1.88490E+00     2.49968E-01     3.31540E+00     1.00000E+00       12     1.86260E+00     2.12672E-01     3.26528E+00     1.00000E+00       23     1.83709E+00     1.66384E-01     3.18392E+00     1.00000E+00       34     1.79337E+00     1.14579E-01     3.06834E+00     1.00000E+00       45     1.75655E+00     8.60213E-02     3.00136E+00     1.00000E+00  
   C         0.469     0.00000E+00    56.72        1     1.89149E+00     2.54263E-01     3.42574E+00     1.00000E+00       12     1.86868E+00     2.16795E-01     3.37777E+00     1.00000E+00       23     1.84355E+00     1.70223E-01     3.29270E+00     1.00000E+00       34     1.80034E+00     1.17938E-01     3.15206E+00     1.00000E+00       45     1.76373E+00     8.89939E-02     3.06166E+00     1.00000E+00  
   C         0.469     0.00000E+00    57.66        1     1.89826E+00     2.58649E-01     3.55778E+00     1.00000E+00       12     1.87487E+00     2.21010E-01     3.51683E+00     1.00000E+00       23     1.85014E+00     1.74157E-01     3.43606E+00     1.00000E+00       34     1.80745E+00     1.21394E-01     3.27266E+00     1.00000E+00       45     1.77107E+00     9.20609E-02     3.15471E+00     1.00000E+00  
   C         0.469     0.00000E+00    58.59        1     1.90521E+00     2.63125E-01     3.71336E+00     1.00000E+00       12     1.88117E+00     2.25319E-01     3.68542E+00     1.00000E+00       23     1.85684E+00     1.78188E-01     3.62089E+00     1.00000E+00       34     1.81470E+00     1.24949E-01     3.44449E+00     1.00000E+00       45     1.77854E+00     9.52239E-02     3.29579E+00     1.00000E+00  
   C         0.469     0.00000E+00    59.53        1     1.91234E+00     2.67692E-01     3.89369E+00     1.00000E+00       12     1.88758E+00     2.29722E-01     3.88542E+00     1.00000E+00       23     1.86365E+00     1.82317E-01     3.85263E+00     1.00000E+00       34     1.82208E+00     1.28602E-01     3.68701E+00     1.00000E+00       45     1.78616E+00     9.84847E-02     3.50516E+00     1.00000E+00  
   C         0.469     0.00000E+00    60.00        1     1.91588E+00     2.70021E-01     3.89364E+00     1.00000E+00       12     1.89071E+00     2.31970E-01     3.88536E+00     1.00000E+00       23     1.86699E+00     1.84428E-01     3.85255E+00     1.00000E+00       34     1.82573E+00     1.30476E-01     3.68688E+00     1.00000E+00       45     1.78997E+00     1.00160E-01     3.64945E+00     1.00000E+00  
