State         Time      Voltage         mAh_exp         csa_NJc    Cycle_Number         fail_id     Theta_Alpha Theta_Beta_edge         csb_NJc      Theta_Beta
  CDR        hours        Volts             mAh         mol/cm3               ,               .               ,               ,            conc
   D       0.00000      3.55000     0.00000E+00     9.13526E-07     1.00000E+00     0.00000E+00     1.00000E+00     0.00000E+00     2.90000E+00     0.00000E+00
   D       0.00278      3.31465     2.30051E-02     6.92243E-02     1.00000E+00     0.00000E+00     1.00000E+00     0.00000E+00     2.90000E+00     0.00000E+00
   D       0.00556      3.26033     4.60102E-02     9.78968E-02     1.00000E+00     0.00000E+00     1.00000E+00     0.00000E+00     2.90000E+00     0.00000E+00
   D       0.00833      3.21876     6.90153E-02     1.18622E-01     1.00000E+00     0.00000E+00     1.00000E+00     0.00000E+00     2.90000E+00     0.00000E+00
   D       0.01111      3.18402     9.20204E-02     1.35847E-01     1.00000E+00     0.00000E+00     1.00000E+00     0.00000E+00     2.90000E+00     0.00000E+00
   D       0.01389      3.15117     1.15026E-01     1.51425E-01     1.00000E+00     0.00000E+00     1.00000E+00     0.00000E+00     2.90000E+00     0.00000E+00
   D       0.01667      3.11802     1.38031E-01     1.66041E-01     1.00000E+00     0.00000E+00     1.00000E+00     0.00000E+00     2.90000E+00     0.00000E+00
   D       0.01945      3.08379     1.61036E-01     1.79875E-01     1.00000E+00     0.00000E+00     1.00000E+00     0.00000E+00     2.90000E+00     0.00000E+00
   D       0.02222      3.04847     1.84041E-01     1.92980E-01     1.00000E+00     0.00000E+00     1.00000E+00     0.00000E+00     2.90000E+00     0.00000E+00
   D       0.02500      3.01241     2.07046E-01     2.05416E-01     1.00000E+00     0.00000E+00     1.00000E+00     0.00000E+00     2.90000E+00     0.00000E+00
   D       0.02778      2.97616     2.30051E-01     2.17259E-01     1.00000E+00     0.00000E+00     1.00000E+00     0.00000E+00     2.90000E+00     0.00000E+00
   D       0.03056      2.94033     2.53056E-01     2.28581E-01     1.00000E+00     0.00000E+00     1.00000E+00     0.00000E+00     2.90000E+00     0.00000E+00
   D       0.03334      2.90553     2.76061E-01     2.39450E-01     1.00000E+00     0.00000E+00     1.00000E+00     0.00000E+00     2.90000E+00     0.00000E+00
   D       0.03612      2.87231     2.99066E-01     2.49903E-01     1.00000E+00     0.00000E+00     1.00000E+00     0.00000E+00     2.90000E+00     0.00000E+00
   D       0.03889      2.84119     3.22071E-01     2.59968E-01     1.00000E+00     0.00000E+00     1.00000E+00     0.00000E+00     2.90000E+00     0.00000E+00
   D       0.04167      2.81261     3.45077E-01     2.69649E-01     1.00000E+00     0.00000E+00     1.00000E+00     0.00000E+00     2.90000E+00     0.00000E+00
   D       0.04445      2.78694     3.68082E-01     2.78934E-01     1.00000E+00     0.00000E+00     1.00000E+00     0.00000E+00     2.90000E+00     0.00000E+00
   D       0.04723      2.76446     3.91087E-01     2.87796E-01     1.00000E+00     0.00000E+00     1.00000E+00     0.00000E+00     2.90000E+00     0.00000E+00
   D       0.05001      2.74539     4.14092E-01     2.96195E-01     1.00000E+00     0.00000E+00     1.00000E+00     0.00000E+00     2.90000E+00     0.00000E+00
   D       0.05278      2.72984     4.37097E-01     3.04077E-01     1.00000E+00     0.00000E+00     1.00000E+00     0.00000E+00     2.90000E+00     0.00000E+00
   D       0.05556      2.71787     4.60102E-01     3.11385E-01     1.00000E+00     0.00000E+00     1.00000E+00     0.00000E+00     2.90000E+00     0.00000E+00
   D       0.05834      2.70932     4.83107E-01     3.18084E-01     1.00000E+00     0.00000E+00     1.00000E+00     0.00000E+00     2.90000E+00     0.00000E+00
   D       0.06112      2.70353     5.06112E-01     3.24238E-01     1.00000E+00     0.00000E+00     1.00000E+00     0.00000E+00     2.90000E+00     0.00000E+00
   D       0.06390      2.69931     5.29117E-01     3.30058E-01     1.00000E+00     0.00000E+00     1.00000E+00     0.00000E+00     2.90000E+00     0.00000E+00
   D       0.06667      2.69577     5.52122E-01     3.35744E-01     1.00000E+00     0.00000E+00     1.00000E+00     0.00000E+00     2.90000E+00     0.00000E+00
   D       0.06945      2.69251     5.75128E-01     3.41387E-01     1.00000E+00     0.00000E+00     1.00000E+00     0.00000E+00     2.90000E+00     0.00000E+00
   D       0.07223      2.68943     5.98133E-01     3.47012E-01     1.00000E+00     0.00000E+00     1.00000E+00     0.00000E+00     2.90000E+00     0.00000E+00
   D       0.07501      2.68649     6.21138E-01     3.52630E-01     1.00000E+00     0.00000E+00     1.00000E+00     0.00000E+00     2.90000E+00     0.00000E+00
   D       0.07779      2.68368     6.44143E-01     3.58251E-01     1.00000E+00     0.00000E+00     1.00000E+00     0.00000E+00     2.90000E+00     0.00000E+00
   D       0.08057      2.68099     6.67148E-01     3.63888E-01     1.00000E+00     0.00000E+00     1.00000E+00     0.00000E+00     2.90000E+00     0.00000E+00
   D       0.08334      2.67842     6.90153E-01     3.69557E-01     1.00000E+00     0.00000E+00     1.00000E+00     0.00000E+00     2.90000E+00     0.00000E+00
   D       0.08612      2.67596     7.13158E-01     3.75274E-01     1.00000E+00     0.00000E+00     1.00000E+00     0.00000E+00     2.90000E+00     0.00000E+00
   D       0.08890      2.67362     7.36163E-01     3.81061E-01     1.00000E+00     0.00000E+00     1.00000E+00     0.00000E+00     2.90000E+00     0.00000E+00
   D       0.09168      2.67139     7.59168E-01     3.86941E-01     1.00000E+00     0.00000E+00     1.00000E+00     0.00000E+00     2.90000E+00     0.00000E+00
   D       0.09446      2.66925     7.82174E-01     3.92941E-01     1.00000E+00     0.00000E+00     1.00000E+00     0.00000E+00     2.90000E+00     0.00000E+00
   D       0.09723      2.66719     8.05179E-01     3.99088E-01     1.00000E+00     0.00000E+00     1.00000E+00     0.00000E+00     2.90000E+00     0.00000E+00
   D       0.10001      2.66520     8.28184E-01     4.05417E-01     1.00000E+00     0.00000E+00     1.00000E+00     0.00000E+00     2.90000E+00     0.00000E+00
   D       0.10279      2.66324     8.51189E-01     4.11961E-01     1.00000E+00     0.00000E+00     1.00000E+00     0.00000E+00     2.90000E+00     0.00000E+00
   D       0.10557      2.66130     8.74194E-01     4.18754E-01     1.00000E+00     0.00000E+00     1.00000E+00     0.00000E+00     2.90000E+00     0.00000E+00
   D       0.10835      2.65935     8.97199E-01     4.25826E-01     1.00000E+00     0.00000E+00     1.00000E+00     0.00000E+00     2.90000E+00     0.00000E+00
   D       0.11112      2.65739     9.20204E-01     4.33204E-01     1.00000E+00     0.00000E+00     1.00000E+00     0.00000E+00     2.90000E+00     0.00000E+00
   D       0.11390      2.65538     9.43209E-01     4.40902E-01     1.00000E+00     0.00000E+00     1.00000E+00     0.00000E+00     2.90000E+00     0.00000E+00
   D       0.11668      2.65333     9.66214E-01     4.48921E-01     1.00000E+00     0.00000E+00     1.00000E+00     0.00000E+00     2.90000E+00     0.00000E+00
   D       0.11946      2.65122     9.89219E-01     4.57248E-01     1.00000E+00     0.00000E+00     1.00000E+00     0.00000E+00     2.90000E+00     0.00000E+00
   D       0.12224      2.64904     1.01222E+00     4.65848E-01     1.00000E+00     0.00000E+00     1.00000E+00     0.00000E+00     2.90000E+00     0.00000E+00
   D       0.12502      2.64680     1.03523E+00     4.74671E-01     1.00000E+00     0.00000E+00     1.00000E+00     0.00000E+00     2.90000E+00     0.00000E+00
   D       0.12779      2.64450     1.05823E+00     4.83653E-01     1.00000E+00     0.00000E+00     1.00000E+00     0.00000E+00     2.90000E+00     0.00000E+00
   D       0.13057      2.64215     1.08124E+00     4.92723E-01     1.00000E+00     0.00000E+00     1.00000E+00     0.00000E+00     2.90000E+00     0.00000E+00
   D       0.13335      2.63975     1.10424E+00     5.01814E-01     1.00000E+00     0.00000E+00     1.00000E+00     0.00000E+00     2.90000E+00     0.00000E+00
   D       0.13613      2.63733     1.12725E+00     5.10866E-01     1.00000E+00     0.00000E+00     1.00000E+00     0.00000E+00     2.90000E+00     0.00000E+00
   D       0.13891      2.63488     1.15026E+00     5.19836E-01     1.00000E+00     0.00000E+00     1.00000E+00     0.00000E+00     2.90000E+00     0.00000E+00
   D       0.14168      2.63243     1.17326E+00     5.28692E-01     1.00000E+00     0.00000E+00     1.00000E+00     0.00000E+00     2.90000E+00     0.00000E+00
   D       0.14446      2.62999     1.19627E+00     5.37419E-01     1.00000E+00     0.00000E+00     1.00000E+00     0.00000E+00     2.90000E+00     0.00000E+00
   D       0.14724      2.62758     1.21927E+00     5.46014E-01     1.00000E+00     0.00000E+00     1.00000E+00     0.00000E+00     2.90000E+00     0.00000E+00
   D       0.15002      2.62519     1.24228E+00     5.54483E-01     1.00000E+00     0.00000E+00     1.00000E+00     0.00000E+00     2.90000E+00     0.00000E+00
   D       0.15280      2.62284     1.26528E+00     5.62837E-01     1.00000E+00     0.00000E+00     1.00000E+00     0.00000E+00     2.90000E+00     0.00000E+00
   D       0.15557      2.62053     1.28829E+00     5.71096E-01     1.00000E+00     0.00000E+00     1.00000E+00     0.00000E+00     2.90000E+00     0.00000E+00
   D       0.15835      2.61825     1.31129E+00     5.79279E-01     1.00000E+00     0.00000E+00     1.00000E+00     0.00000E+00     2.90000E+00     0.00000E+00
   D       0.16113      2.61599     1.33430E+00     5.87412E-01     1.00000E+00     0.00000E+00     1.00000E+00     0.00000E+00     2.90000E+00     0.00000E+00
   D       0.16391      2.61374     1.35730E+00     5.95516E-01     1.00000E+00     0.00000E+00     1.00000E+00     0.00000E+00     2.90000E+00     0.00000E+00
   D       0.16669      2.61150     1.38031E+00     6.03617E-01     1.00000E+00     0.00000E+00     1.00000E+00     0.00000E+00     2.90000E+00     0.00000E+00
   D       0.16947      2.60926     1.40331E+00     6.11737E-01     1.00000E+00     0.00000E+00     1.00000E+00     0.00000E+00     2.90000E+00     0.00000E+00
   D       0.17224      2.60699     1.42632E+00     6.19898E-01     1.00000E+00     0.00000E+00     1.00000E+00     0.00000E+00     2.90000E+00     0.00000E+00
   D       0.17502      2.60470     1.44932E+00     6.28121E-01     1.00000E+00     0.00000E+00     1.00000E+00     0.00000E+00     2.90000E+00     0.00000E+00
   D       0.17780      2.60237     1.47233E+00     6.36423E-01     1.00000E+00     0.00000E+00     1.00000E+00     0.00000E+00     2.90000E+00     0.00000E+00
   D       0.18058      2.59999     1.49533E+00     6.44823E-01     1.00000E+00     0.00000E+00     1.00000E+00     0.00000E+00     2.90000E+00     0.00000E+00
   D       0.18336      2.59757     1.51834E+00     6.53335E-01     1.00000E+00     0.00000E+00     1.00000E+00     0.00000E+00     2.90000E+00     0.00000E+00
   D       0.18613      2.59508     1.54134E+00     6.61970E-01     1.00000E+00     0.00000E+00     1.00000E+00     0.00000E+00     2.90000E+00     0.00000E+00
   D       0.18891      2.59254     1.56435E+00     6.70739E-01     1.00000E+00     0.00000E+00     1.00000E+00     0.00000E+00     2.90000E+00     0.00000E+00
   D       0.19169      2.58992     1.58735E+00     6.79645E-01     1.00000E+00     0.00000E+00     1.00000E+00     0.00000E+00     2.90000E+00     0.00000E+00
   D       0.19447      2.58724     1.61036E+00     6.88691E-01     1.00000E+00     0.00000E+00     1.00000E+00     0.00000E+00     2.90000E+00     0.00000E+00
   D       0.19725      2.58448     1.63336E+00     6.97872E-01     1.00000E+00     0.00000E+00     1.00000E+00     0.00000E+00     2.90000E+00     0.00000E+00
   D       0.20002      2.58165     1.65637E+00     7.07180E-01     1.00000E+00     0.00000E+00     1.00000E+00     0.00000E+00     2.90000E+00     0.00000E+00
   D       0.20280      2.57873     1.67937E+00     7.16602E-01     1.00000E+00     0.00000E+00     1.00000E+00     0.00000E+00     2.90000E+00     0.00000E+00
   D       0.20558      2.57574     1.70238E+00     7.26121E-01     1.00000E+00     0.00000E+00     1.00000E+00     0.00000E+00     2.90000E+00     0.00000E+00
   D       0.20836      2.57266     1.72538E+00     7.35714E-01     1.00000E+00     0.00000E+00     1.00000E+00     0.00000E+00     2.90000E+00     0.00000E+00
   D       0.21114      2.56950     1.74839E+00     7.45360E-01     1.00000E+00     0.00000E+00     1.00000E+00     0.00000E+00     2.90000E+00     0.00000E+00
   D       0.21392      2.56627     1.77139E+00     7.55036E-01     1.00000E+00     0.00000E+00     1.00000E+00     0.00000E+00     2.90000E+00     0.00000E+00
   D       0.21669      2.56296     1.79440E+00     7.64720E-01     1.00000E+00     0.00000E+00     1.00000E+00     0.00000E+00     2.90000E+00     0.00000E+00
   D       0.21947      2.55957     1.81740E+00     7.74393E-01     1.00000E+00     0.00000E+00     1.00000E+00     0.00000E+00     2.90000E+00     0.00000E+00
   D       0.22225      2.55611     1.84041E+00     7.84041E-01     1.00000E+00     0.00000E+00     1.00000E+00     0.00000E+00     2.90000E+00     0.00000E+00
   D       0.22503      2.55259     1.86341E+00     7.93654E-01     1.00000E+00     0.00000E+00     1.00000E+00     0.00000E+00     2.90000E+00     0.00000E+00
   D       0.22781      2.54900     1.88642E+00     8.03226E-01     1.00000E+00     0.00000E+00     1.00000E+00     0.00000E+00     2.90000E+00     0.00000E+00
   D       0.23058      2.54536     1.90942E+00     8.12757E-01     1.00000E+00     0.00000E+00     1.00000E+00     0.00000E+00     2.90000E+00     0.00000E+00
   D       0.23336      2.54166     1.93243E+00     8.22251E-01     1.00000E+00     0.00000E+00     1.00000E+00     0.00000E+00     2.90000E+00     0.00000E+00
   D       0.23614      2.53791     1.95543E+00     8.31717E-01     1.00000E+00     0.00000E+00     1.00000E+00     0.00000E+00     2.90000E+00     0.00000E+00
   D       0.23892      2.53412     1.97844E+00     8.41165E-01     1.00000E+00     0.00000E+00     1.00000E+00     0.00000E+00     2.90000E+00     0.00000E+00
   D       0.24170      2.53028     2.00144E+00     8.50611E-01     1.00000E+00     0.00000E+00     1.00000E+00     0.00000E+00     2.90000E+00     0.00000E+00
   D       0.24447      2.52641     2.02445E+00     8.60073E-01     1.00000E+00     0.00000E+00     1.00000E+00     0.00000E+00     2.90000E+00     0.00000E+00
   D       0.24725      2.52251     2.04745E+00     8.69571E-01     1.00000E+00     0.00000E+00     1.00000E+00     0.00000E+00     2.90000E+00     0.00000E+00
   D       0.25003      2.51857     2.07046E+00     8.79127E-01     1.00000E+00     0.00000E+00     1.00000E+00     0.00000E+00     2.90000E+00     0.00000E+00
   D       0.25281      2.51460     2.09346E+00     8.88764E-01     1.00000E+00     0.00000E+00     1.00000E+00     0.00000E+00     2.90000E+00     0.00000E+00
   D       0.25559      2.51061     2.11647E+00     8.98508E-01     1.00000E+00     0.00000E+00     1.00000E+00     0.00000E+00     2.90000E+00     0.00000E+00
   D       0.25837      2.50659     2.13947E+00     9.08387E-01     1.00000E+00     0.00000E+00     1.00000E+00     0.00000E+00     2.90000E+00     0.00000E+00
   D       0.26114      2.50255     2.16248E+00     9.18428E-01     1.00000E+00     0.00000E+00     1.00000E+00     0.00000E+00     2.90000E+00     0.00000E+00
   D       0.26393      2.49852     2.18558E+00     9.28686E-01     1.00000E+00     0.00000E+00     1.00000E+00     0.00000E+00     2.90000E+00     0.00000E+00
   D       0.26672      2.49443     2.20867E+00     9.39164E-01     1.00000E+00     0.00000E+00     1.00000E+00     0.00000E+00     2.90000E+00     0.00000E+00
   D       0.26951      2.49031     2.23177E+00     9.49892E-01     1.00000E+00     0.00000E+00     1.00000E+00     0.00000E+00     2.90000E+00     3.38245E-09
   D       0.27230      2.48616     2.25486E+00     9.60890E-01     1.00000E+00     0.00000E+00     1.00000E+00     0.00000E+00     2.90000E+00     2.52846E-06
   D       0.27509      2.48199     2.27796E+00     9.72176E-01     1.00000E+00     0.00000E+00     1.00000E+00     0.00000E+00     2.90000E+00     1.27171E-05
   D       0.27788      2.47778     2.30105E+00     9.83759E-01     1.00000E+00     0.00000E+00     1.00000E+00     0.00000E+00     2.90000E+00     3.46886E-05
   D       0.28067      2.47355     2.32415E+00     9.95640E-01     1.00000E+00     0.00000E+00     1.00000E+00     0.00000E+00     2.90000E+00     7.25053E-05
   D       0.28346      2.46927     2.34725E+00     1.00781E+00     1.00000E+00     0.00000E+00     1.00000E+00     0.00000E+00     2.90000E+00     1.30121E-04
   D       0.28625      2.46496     2.37034E+00     1.02023E+00     1.00000E+00     0.00000E+00     1.00000E+00     0.00000E+00     2.90000E+00     2.11431E-04
   D       0.28903      2.46060     2.39344E+00     1.03287E+00     1.00000E+00     0.00000E+00     1.00000E+00     0.00000E+00     2.90000E+00     3.20272E-04
   D       0.29182      2.45619     2.41653E+00     1.04567E+00     1.00000E+00     0.00000E+00     1.00000E+00     0.00000E+00     2.90000E+00     4.60423E-04
   D       0.29461      2.45173     2.43963E+00     1.05858E+00     1.00000E+00     0.00000E+00     1.00000E+00     0.00000E+00     2.90000E+00     6.35597E-04
   D       0.29740      2.44721     2.46272E+00     1.07152E+00     1.00000E+00     0.00000E+00     1.00000E+00     0.00000E+00     2.90000E+00     8.49455E-04
   D       0.30019      2.44265     2.48582E+00     1.08445E+00     1.00000E+00     0.00000E+00     1.00000E+00     0.00000E+00     2.90000E+00     1.10559E-03
   D       0.30298      2.43802     2.50891E+00     1.09729E+00     1.00000E+00     0.00000E+00     1.00000E+00     0.00000E+00     2.90000E+00     1.40753E-03
   D       0.30577      2.43334     2.53201E+00     1.11002E+00     1.00000E+00     0.00000E+00     1.00000E+00     0.00000E+00     2.90000E+00     1.75870E-03
   D       0.30856      2.42860     2.55511E+00     1.12261E+00     1.00000E+00     0.00000E+00     1.00000E+00     0.00000E+00     2.90000E+00     2.16247E-03
   D       0.31135      2.42381     2.57820E+00     1.13503E+00     1.00000E+00     0.00000E+00     1.00000E+00     0.00000E+00     2.90000E+00     2.62214E-03
   D       0.31414      2.41896     2.60130E+00     1.14728E+00     1.00000E+00     0.00000E+00     1.00000E+00     0.00000E+00     2.90000E+00     3.14091E-03
   D       0.31692      2.41405     2.62439E+00     1.15937E+00     1.00000E+00     0.00000E+00     1.00000E+00     0.00000E+00     2.90000E+00     3.72193E-03
   D       0.31971      2.40910     2.64749E+00     1.17129E+00     1.00000E+00     0.00000E+00     1.00000E+00     0.00000E+00     2.90000E+00     4.36823E-03
   D       0.32250      2.40408     2.67058E+00     1.18306E+00     1.00000E+00     0.00000E+00     1.00000E+00     0.00000E+00     2.90000E+00     5.08279E-03
   D       0.32529      2.39902     2.69368E+00     1.19471E+00     1.00000E+00     0.00000E+00     1.00000E+00     0.00000E+00     2.90000E+00     5.86850E-03
   D       0.32808      2.39390     2.71678E+00     1.20624E+00     1.00000E+00     0.00000E+00     1.00000E+00     0.00000E+00     2.90000E+00     6.72816E-03
   D       0.33087      2.38873     2.73987E+00     1.21768E+00     1.00000E+00     0.00000E+00     1.00000E+00     0.00000E+00     2.90000E+00     7.66451E-03
   D       0.33366      2.38351     2.76297E+00     1.22904E+00     1.00000E+00     0.00000E+00     1.00000E+00     0.00000E+00     2.90000E+00     8.68019E-03
   D       0.33645      2.37824     2.78606E+00     1.24035E+00     1.00000E+00     0.00000E+00     1.00000E+00     0.00000E+00     2.90000E+00     9.77776E-03
   D       0.33924      2.37292     2.80916E+00     1.25163E+00     1.00000E+00     0.00000E+00     1.00000E+00     0.00000E+00     2.90000E+00     1.09597E-02
   D       0.34203      2.36755     2.83225E+00     1.26289E+00     1.00000E+00     0.00000E+00     1.00000E+00     0.00000E+00     2.90000E+00     1.22285E-02
   D       0.34482      2.36214     2.85535E+00     1.27416E+00     1.00000E+00     0.00000E+00     1.00000E+00     0.00000E+00     2.90000E+00     1.35865E-02
   D       0.34760      2.35668     2.87845E+00     1.28545E+00     1.00000E+00     0.00000E+00     1.00000E+00     0.00000E+00     2.90000E+00     1.50360E-02
   D       0.35039      2.35117     2.90154E+00     1.29677E+00     1.00000E+00     0.00000E+00     1.00000E+00     0.00000E+00     2.90000E+00     1.65791E-02
   D       0.35318      2.34562     2.92464E+00     1.30815E+00     1.00000E+00     0.00000E+00     1.00000E+00     0.00000E+00     2.90000E+00     1.82183E-02
   D       0.35597      2.34001     2.94773E+00     1.31960E+00     1.00000E+00     0.00000E+00     1.00000E+00     0.00000E+00     2.90000E+00     1.99556E-02
   D       0.35876      2.33436     2.97083E+00     1.33113E+00     1.00000E+00     0.00000E+00     1.00000E+00     0.00000E+00     2.90000E+00     2.17933E-02
   D       0.36155      2.32865     2.99392E+00     1.34276E+00     1.00000E+00     0.00000E+00     1.00000E+00     0.00000E+00     2.90000E+00     2.37337E-02
   D       0.36434      2.32289     3.01702E+00     1.35449E+00     1.00000E+00     0.00000E+00     1.00000E+00     0.00000E+00     2.90000E+00     2.57791E-02
   D       0.36713      2.31707     3.04012E+00     1.36632E+00     1.00000E+00     0.00000E+00     1.00000E+00     0.00000E+00     2.90000E+00     2.79322E-02
   D       0.36992      2.31118     3.06321E+00     1.37828E+00     1.00000E+00     0.00000E+00     1.00000E+00     0.00000E+00     2.90000E+00     3.01960E-02
   D       0.37271      2.30523     3.08631E+00     1.39035E+00     1.00000E+00     0.00000E+00     1.00000E+00     0.00000E+00     2.90000E+00     3.25739E-02
   D       0.37550      2.29920     3.10940E+00     1.40254E+00     1.00000E+00     0.00000E+00     9.99996E-01     4.21876E-06     2.90250E+00     3.50717E-02
   D       0.37828      2.29310     3.13250E+00     1.41482E+00     1.00000E+00     0.00000E+00     9.99860E-01     1.39537E-04     2.90422E+00     3.77014E-02
   D       0.38107      2.28691     3.15559E+00     1.42718E+00     1.00000E+00     0.00000E+00     9.99534E-01     4.66026E-04     2.90582E+00     4.04649E-02
   D       0.38386      2.28064     3.17869E+00     1.43958E+00     1.00000E+00     0.00000E+00     9.99016E-01     9.84391E-04     2.90749E+00     4.33600E-02
   D       0.38665      2.27428     3.20179E+00     1.45200E+00     1.00000E+00     0.00000E+00     9.98305E-01     1.69494E-03     2.90931E+00     4.63844E-02
   D       0.38944      2.26782     3.22488E+00     1.46444E+00     1.00000E+00     0.00000E+00     9.97402E-01     2.59755E-03     2.91135E+00     4.95358E-02
   D       0.39223      2.26126     3.24798E+00     1.47687E+00     1.00000E+00     0.00000E+00     9.96308E-01     3.69167E-03     2.91366E+00     5.28117E-02
   D       0.39502      2.25460     3.27107E+00     1.48926E+00     1.00000E+00     0.00000E+00     9.95024E-01     4.97630E-03     2.91632E+00     5.62097E-02
   D       0.39781      2.24782     3.29417E+00     1.50159E+00     1.00000E+00     0.00000E+00     9.93550E-01     6.44999E-03     2.91937E+00     5.97273E-02
   D       0.40060      2.24094     3.31726E+00     1.51385E+00     1.00000E+00     0.00000E+00     9.91889E-01     8.11090E-03     2.92290E+00     6.33619E-02
   D       0.40339      2.23394     3.34036E+00     1.52602E+00     1.00000E+00     0.00000E+00     9.90043E-01     9.95681E-03     2.92700E+00     6.71109E-02
   D       0.40617      2.22682     3.36345E+00     1.53809E+00     1.00000E+00     0.00000E+00     9.88015E-01     1.19852E-02     2.93176E+00     7.09716E-02
   D       0.40896      2.21958     3.38655E+00     1.55005E+00     1.00000E+00     0.00000E+00     9.85807E-01     1.41934E-02     2.93730E+00     7.49415E-02
   D       0.41175      2.21222     3.40965E+00     1.56191E+00     1.00000E+00     0.00000E+00     9.83422E-01     1.65785E-02     2.94375E+00     7.90178E-02
   D       0.41454      2.20473     3.43274E+00     1.57366E+00     1.00000E+00     0.00000E+00     9.80862E-01     1.91375E-02     2.95126E+00     8.31980E-02
   D       0.41732      2.19699     3.45575E+00     1.58532E+00     1.00000E+00     0.00000E+00     9.78143E-01     2.18566E-02     2.96004E+00     8.74624E-02
   D       0.42010      2.18919     3.47875E+00     1.59688E+00     1.00000E+00     0.00000E+00     9.75257E-01     2.47433E-02     2.97022E+00     9.18252E-02
   D       0.42288      2.18126     3.50176E+00     1.60836E+00     1.00000E+00     0.00000E+00     9.72205E-01     2.77946E-02     2.98203E+00     9.62836E-02
   D       0.42565      2.17308     3.52476E+00     1.61976E+00     1.00000E+00     0.00000E+00     9.68992E-01     3.10078E-02     2.99574E+00     1.00835E-01
   D       0.42843      2.16457     3.54777E+00     1.63112E+00     1.00000E+00     0.00000E+00     9.65620E-01     3.43802E-02     3.01165E+00     1.05477E-01
   D       0.43121      2.15585     3.57077E+00     1.64242E+00     1.00000E+00     0.00000E+00     9.62091E-01     3.79094E-02     3.03008E+00     1.10207E-01
   D       0.43399      2.14693     3.59378E+00     1.65368E+00     1.00000E+00     0.00000E+00     9.58407E-01     4.15928E-02     3.05136E+00     1.15022E-01
   D       0.43677      2.13771     3.61678E+00     1.66489E+00     1.00000E+00     0.00000E+00     9.54572E-01     4.54279E-02     3.07593E+00     1.19921E-01
   D       0.43955      2.12818     3.63979E+00     1.67604E+00     1.00000E+00     0.00000E+00     9.50588E-01     4.94119E-02     3.10419E+00     1.24902E-01
   D       0.44232      2.11834     3.66279E+00     1.68712E+00     1.00000E+00     0.00000E+00     9.46458E-01     5.35419E-02     3.13659E+00     1.29962E-01
   D       0.44510      2.10812     3.68580E+00     1.69812E+00     1.00000E+00     0.00000E+00     9.42185E-01     5.78149E-02     3.17356E+00     1.35099E-01
   D       0.44788      2.09747     3.70880E+00     1.70904E+00     1.00000E+00     0.00000E+00     9.37772E-01     6.22275E-02     3.21548E+00     1.40311E-01
   D       0.45066      2.08636     3.73181E+00     1.71986E+00     1.00000E+00     0.00000E+00     9.33224E-01     6.67763E-02     3.26257E+00     1.45596E-01
   D       0.45344      2.07475     3.75481E+00     1.73060E+00     1.00000E+00     0.00000E+00     9.28542E-01     7.14577E-02     3.31482E+00     1.50952E-01
   D       0.45621      2.06260     3.77782E+00     1.74124E+00     1.00000E+00     0.00000E+00     9.23732E-01     7.62683E-02     3.37188E+00     1.56378E-01
   D       0.45899      2.04988     3.80082E+00     1.75183E+00     1.00000E+00     0.00000E+00     9.18795E-01     8.12047E-02     3.43294E+00     1.61872E-01
   D       0.46177      2.03653     3.82383E+00     1.76239E+00     1.00000E+00     0.00000E+00     9.13736E-01     8.62640E-02     3.49674E+00     1.67431E-01
   D       0.46455      2.02256     3.84683E+00     1.77297E+00     1.00000E+00     0.00000E+00     9.08556E-01     9.14438E-02     3.56153E+00     1.73056E-01
   D       0.46733      2.00828     3.86984E+00     1.78357E+00     1.00000E+00     0.00000E+00     9.03258E-01     9.67422E-02     3.62514E+00     1.78743E-01
