   C         1.869     0.00000E+00     0.00        1     1.76604E+00     6.63099E-01     2.90036E+00     1.00000E+00        9     1.75214E+00     6.13276E-01     2.90017E+00     1.00000E+00       17     1.73177E+00     5.42244E-01     2.90006E+00     1.00000E+00       25     1.69860E+00     4.54097E-01     2.90002E+00     1.00000E+00       35     1.66138E+00     3.88197E-01     2.90001E+00     1.00000E+00  
   C         1.869     0.00000E+00     0.62        1     1.76604E+00     6.63099E-01     2.90036E+00     1.00000E+00        9     1.75214E+00     6.13276E-01     2.90017E+00     1.00000E+00       17     1.73177E+00     5.42244E-01     2.90006E+00     1.00000E+00       25     1.69860E+00     4.54097E-01     2.90002E+00     1.00000E+00       35     1.66138E+00     3.88197E-01     2.90001E+00     1.00000E+00  
   C         1.869     0.00000E+00     1.88        1     1.76617E+00     6.63240E-01     2.90038E+00     1.00000E+00        9     1.75226E+00     6.13421E-01     2.90018E+00     1.00000E+00       17     1.73189E+00     5.42391E-01     2.90006E+00     1.00000E+00       25     1.69872E+00     4.54241E-01     2.90002E+00     1.00000E+00       35     1.66148E+00     3.88331E-01     2.90001E+00     1.00000E+00  
   C         1.869     0.00000E+00     3.13        1     1.76644E+00     6.63521E-01     2.90043E+00     1.00000E+00        9     1.75251E+00     6.13711E-01     2.90021E+00     1.00000E+00       17     1.73213E+00     5.42686E-01     2.90007E+00     1.00000E+00       25     1.69895E+00     4.54528E-01     2.90002E+00     1.00000E+00       35     1.66169E+00     3.88601E-01     2.90001E+00     1.00000E+00  
   C         1.869     0.00000E+00     4.38        1     1.76683E+00     6.63941E-01     2.90050E+00     1.00000E+00        9     1.75287E+00     6.14146E-01     2.90024E+00     1.00000E+00       17     1.73250E+00     5.43128E-01     2.90009E+00     1.00000E+00       25     1.69930E+00     4.54959E-01     2.90002E+00     1.00000E+00       35     1.66199E+00     3.89006E-01     2.90001E+00     1.00000E+00  
   C         1.869     0.00000E+00     5.62        1     1.76736E+00     6.64502E-01     2.90060E+00     1.00000E+00        9     1.75336E+00     6.14725E-01     2.90029E+00     1.00000E+00       17     1.73299E+00     5.43717E-01     2.90011E+00     1.00000E+00       25     1.69977E+00     4.55533E-01     2.90003E+00     1.00000E+00       35     1.66241E+00     3.89545E-01     2.90001E+00     1.00000E+00  
   C         1.869     0.00000E+00     6.88        1     1.76802E+00     6.65202E-01     2.90073E+00     1.00000E+00        9     1.75397E+00     6.15448E-01     2.90036E+00     1.00000E+00       17     1.73359E+00     5.44453E-01     2.90014E+00     1.00000E+00       25     1.70036E+00     4.56250E-01     2.90004E+00     1.00000E+00       35     1.66292E+00     3.90219E-01     2.90002E+00     1.00000E+00  
   C         1.869     0.00000E+00     8.12        1     1.76882E+00     6.66040E-01     2.90089E+00     1.00000E+00        9     1.75470E+00     6.16315E-01     2.90046E+00     1.00000E+00       17     1.73433E+00     5.45335E-01     2.90017E+00     1.00000E+00       25     1.70107E+00     4.57109E-01     2.90005E+00     1.00000E+00       35     1.66354E+00     3.91028E-01     2.90002E+00     1.00000E+00  
   C         1.869     0.00000E+00     9.38        1     1.76975E+00     6.67016E-01     2.90111E+00     1.00000E+00        9     1.75556E+00     6.17324E-01     2.90058E+00     1.00000E+00       17     1.73518E+00     5.46363E-01     2.90022E+00     1.00000E+00       25     1.70190E+00     4.58112E-01     2.90007E+00     1.00000E+00       35     1.66426E+00     3.91971E-01     2.90003E+00     1.00000E+00  
   C         1.869     0.00000E+00    10.62        1     1.77081E+00     6.68130E-01     2.90138E+00     1.00000E+00        9     1.75654E+00     6.18475E-01     2.90073E+00     1.00000E+00       17     1.73615E+00     5.47536E-01     2.90029E+00     1.00000E+00       25     1.70284E+00     4.59257E-01     2.90009E+00     1.00000E+00       35     1.66509E+00     3.93048E-01     2.90004E+00     1.00000E+00  
   C         1.869     0.00000E+00    11.87        1     1.77201E+00     6.69379E-01     2.90172E+00     1.00000E+00        9     1.75764E+00     6.19768E-01     2.90092E+00     1.00000E+00       17     1.73725E+00     5.48853E-01     2.90037E+00     1.00000E+00       25     1.70390E+00     4.60544E-01     2.90012E+00     1.00000E+00       35     1.66602E+00     3.94259E-01     2.90005E+00     1.00000E+00  
   C         1.869     0.00000E+00    13.12        1     1.77334E+00     6.70763E-01     2.90215E+00     1.00000E+00        9     1.75886E+00     6.21200E-01     2.90117E+00     1.00000E+00       17     1.73847E+00     5.50315E-01     2.90048E+00     1.00000E+00       25     1.70509E+00     4.61972E-01     2.90016E+00     1.00000E+00       35     1.66706E+00     3.95605E-01     2.90007E+00     1.00000E+00  
   C         1.869     0.00000E+00    14.38        1     1.77481E+00     6.72281E-01     2.90268E+00     1.00000E+00        9     1.76021E+00     6.22772E-01     2.90148E+00     1.00000E+00       17     1.73982E+00     5.51919E-01     2.90062E+00     1.00000E+00       25     1.70639E+00     4.63541E-01     2.90020E+00     1.00000E+00       35     1.66820E+00     3.97084E-01     2.90009E+00     1.00000E+00  
   C         1.869     0.00000E+00    15.62        1     1.77642E+00     6.73932E-01     2.90333E+00     1.00000E+00        9     1.76168E+00     6.24482E-01     2.90186E+00     1.00000E+00       17     1.74129E+00     5.53666E-01     2.90079E+00     1.00000E+00       25     1.70781E+00     4.65251E-01     2.90027E+00     1.00000E+00       35     1.66944E+00     3.98696E-01     2.90012E+00     1.00000E+00  
   C         1.869     0.00000E+00    16.88        1     1.77817E+00     6.75713E-01     2.90413E+00     1.00000E+00        9     1.76328E+00     6.26329E-01     2.90235E+00     1.00000E+00       17     1.74288E+00     5.55554E-01     2.90102E+00     1.00000E+00       25     1.70936E+00     4.67101E-01     2.90035E+00     1.00000E+00       35     1.67079E+00     4.00442E-01     2.90016E+00     1.00000E+00  
   C         1.869     0.00000E+00    18.12        1     1.78005E+00     6.77624E-01     2.90511E+00     1.00000E+00        9     1.76500E+00     6.28311E-01     2.90295E+00     1.00000E+00       17     1.74460E+00     5.57582E-01     2.90131E+00     1.00000E+00       25     1.71102E+00     4.69090E-01     2.90046E+00     1.00000E+00       35     1.67225E+00     4.02321E-01     2.90021E+00     1.00000E+00  
   C         1.869     0.00000E+00    19.38        1     1.78208E+00     6.79662E-01     2.90630E+00     1.00000E+00        9     1.76685E+00     6.30427E-01     2.90370E+00     1.00000E+00       17     1.74644E+00     5.59749E-01     2.90167E+00     1.00000E+00       25     1.71281E+00     4.71218E-01     2.90060E+00     1.00000E+00       35     1.67382E+00     4.04332E-01     2.90027E+00     1.00000E+00  
   C         1.869     0.00000E+00    20.62        1     1.78424E+00     6.81826E-01     2.90775E+00     1.00000E+00        9     1.76882E+00     6.32676E-01     2.90462E+00     1.00000E+00       17     1.74840E+00     5.62053E-01     2.90213E+00     1.00000E+00       25     1.71471E+00     4.73484E-01     2.90078E+00     1.00000E+00       35     1.67549E+00     4.06476E-01     2.90036E+00     1.00000E+00  
   C         1.869     0.00000E+00    21.88        1     1.78655E+00     6.84115E-01     2.90952E+00     1.00000E+00        9     1.77092E+00     6.35055E-01     2.90577E+00     1.00000E+00       17     1.75050E+00     5.64495E-01     2.90271E+00     1.00000E+00       25     1.71675E+00     4.75887E-01     2.90101E+00     1.00000E+00       35     1.67727E+00     4.08751E-01     2.90047E+00     1.00000E+00  
   C         1.869     0.00000E+00    23.12        1     1.78901E+00     6.86525E-01     2.91165E+00     1.00000E+00        9     1.77314E+00     6.37563E-01     2.90717E+00     1.00000E+00       17     1.75272E+00     5.67071E-01     2.90344E+00     1.00000E+00       25     1.71890E+00     4.78426E-01     2.90130E+00     1.00000E+00       35     1.67916E+00     4.11158E-01     2.90062E+00     1.00000E+00  
   C         1.869     0.00000E+00    24.38        1     1.79160E+00     6.89055E-01     2.91422E+00     1.00000E+00        9     1.77549E+00     6.40197E-01     2.90890E+00     1.00000E+00       17     1.75506E+00     5.69781E-01     2.90436E+00     1.00000E+00       25     1.72118E+00     4.81101E-01     2.90169E+00     1.00000E+00       35     1.68115E+00     4.13696E-01     2.90081E+00     1.00000E+00  
   C         1.869     0.00000E+00    25.62        1     1.79435E+00     6.91702E-01     2.91731E+00     1.00000E+00        9     1.77797E+00     6.42957E-01     2.91101E+00     1.00000E+00       17     1.75754E+00     5.72624E-01     2.90550E+00     1.00000E+00       25     1.72358E+00     4.83910E-01     2.90217E+00     1.00000E+00       35     1.68326E+00     4.16364E-01     2.90106E+00     1.00000E+00  
   C         1.869     0.00000E+00    26.88        1     1.79724E+00     6.94465E-01     2.92100E+00     1.00000E+00        9     1.78058E+00     6.45840E-01     2.91359E+00     1.00000E+00       17     1.76014E+00     5.75596E-01     2.90694E+00     1.00000E+00       25     1.72611E+00     4.86853E-01     2.90280E+00     1.00000E+00       35     1.68548E+00     4.19162E-01     2.90137E+00     1.00000E+00  
   C         1.869     0.00000E+00    28.12        1     1.80029E+00     6.97340E-01     2.92541E+00     1.00000E+00        9     1.78332E+00     6.48843E-01     2.91672E+00     1.00000E+00       17     1.76287E+00     5.78697E-01     2.90873E+00     1.00000E+00       25     1.72877E+00     4.89928E-01     2.90360E+00     1.00000E+00       35     1.68781E+00     4.22090E-01     2.90179E+00     1.00000E+00  
   C         1.869     0.00000E+00    29.38        1     1.80348E+00     7.00325E-01     2.93065E+00     1.00000E+00        9     1.78618E+00     6.51964E-01     2.92051E+00     1.00000E+00       17     1.76573E+00     5.81926E-01     2.91095E+00     1.00000E+00       25     1.73155E+00     4.93134E-01     2.90462E+00     1.00000E+00       35     1.69025E+00     4.25146E-01     2.90232E+00     1.00000E+00  
   C         1.869     0.00000E+00    30.62        1     1.80683E+00     7.03417E-01     2.93685E+00     1.00000E+00        9     1.78918E+00     6.55202E-01     2.92509E+00     1.00000E+00       17     1.76872E+00     5.85279E-01     2.91370E+00     1.00000E+00       25     1.73446E+00     4.96471E-01     2.90591E+00     1.00000E+00       35     1.69281E+00     4.28331E-01     2.90300E+00     1.00000E+00  
   C         1.869     0.00000E+00    31.88        1     1.81034E+00     7.06614E-01     2.94418E+00     1.00000E+00        9     1.79230E+00     6.58552E-01     2.93059E+00     1.00000E+00       17     1.77184E+00     5.88754E-01     2.91710E+00     1.00000E+00       25     1.73750E+00     4.99936E-01     2.90755E+00     1.00000E+00       35     1.69548E+00     4.31643E-01     2.90387E+00     1.00000E+00  
   C         1.869     0.00000E+00    33.12        1     1.81400E+00     7.09913E-01     2.95280E+00     1.00000E+00        9     1.79556E+00     6.62014E-01     2.93720E+00     1.00000E+00       17     1.77509E+00     5.92351E-01     2.92129E+00     1.00000E+00       25     1.74067E+00     5.03528E-01     2.90963E+00     1.00000E+00       35     1.69826E+00     4.35082E-01     2.90500E+00     1.00000E+00  
   C         1.869     0.00000E+00    34.38        1     1.81782E+00     7.13310E-01     2.96289E+00     1.00000E+00        9     1.79895E+00     6.65583E-01     2.94509E+00     1.00000E+00       17     1.77847E+00     5.96066E-01     2.92644E+00     1.00000E+00       25     1.74397E+00     5.07246E-01     2.91226E+00     1.00000E+00       35     1.70117E+00     4.38646E-01     2.90643E+00     1.00000E+00  
   C         1.869     0.00000E+00    35.62        1     1.82180E+00     7.16802E-01     2.97468E+00     1.00000E+00        9     1.80248E+00     6.69258E-01     2.95448E+00     1.00000E+00       17     1.78199E+00     5.99898E-01     2.93273E+00     1.00000E+00       25     1.74740E+00     5.11089E-01     2.91558E+00     1.00000E+00       35     1.70418E+00     4.42336E-01     2.90827E+00     1.00000E+00  
   C         1.869     0.00000E+00    36.88        1     1.82594E+00     7.20387E-01     2.98839E+00     1.00000E+00        9     1.80613E+00     6.73034E-01     2.96562E+00     1.00000E+00       17     1.78564E+00     6.03844E-01     2.94041E+00     1.00000E+00       25     1.75097E+00     5.15055E-01     2.91975E+00     1.00000E+00       35     1.70732E+00     4.46150E-01     2.91061E+00     1.00000E+00  
   C         1.869     0.00000E+00    38.12        1     1.83025E+00     7.24061E-01     3.00428E+00     1.00000E+00        9     1.80993E+00     6.76910E-01     2.97878E+00     1.00000E+00       17     1.78942E+00     6.07900E-01     2.94975E+00     1.00000E+00       25     1.75467E+00     5.19141E-01     2.92500E+00     1.00000E+00       35     1.71058E+00     4.50087E-01     2.91359E+00     1.00000E+00  
   C         1.869     0.00000E+00    39.38        1     1.83473E+00     7.27820E-01     3.02262E+00     1.00000E+00        9     1.81385E+00     6.80882E-01     2.99427E+00     1.00000E+00       17     1.79334E+00     6.12066E-01     2.96106E+00     1.00000E+00       25     1.75850E+00     5.23348E-01     2.93157E+00     1.00000E+00       35     1.71395E+00     4.54146E-01     2.91739E+00     1.00000E+00  
   C         1.869     0.00000E+00    40.62        1     1.83937E+00     7.31661E-01     3.04370E+00     1.00000E+00        9     1.81792E+00     6.84947E-01     3.01242E+00     1.00000E+00       17     1.79740E+00     6.16338E-01     2.97471E+00     1.00000E+00       25     1.76247E+00     5.27671E-01     2.93979E+00     1.00000E+00       35     1.71745E+00     4.58326E-01     2.92221E+00     1.00000E+00  
   C         1.869     0.00000E+00    41.88        1     1.84419E+00     7.35581E-01     3.06784E+00     1.00000E+00        9     1.82212E+00     6.89102E-01     3.03362E+00     1.00000E+00       17     1.80159E+00     6.20713E-01     2.99112E+00     1.00000E+00       25     1.76657E+00     5.32111E-01     2.95005E+00     1.00000E+00       35     1.72107E+00     4.62626E-01     2.92831E+00     1.00000E+00  
   C         1.869     0.00000E+00    43.12        1     1.84918E+00     7.39575E-01     3.09537E+00     1.00000E+00        9     1.82645E+00     6.93342E-01     3.05828E+00     1.00000E+00       17     1.80592E+00     6.25189E-01     3.01078E+00     1.00000E+00       25     1.77082E+00     5.36664E-01     2.96280E+00     1.00000E+00       35     1.72482E+00     4.67044E-01     2.93605E+00     1.00000E+00  
   C         1.869     0.00000E+00    44.38        1     1.85434E+00     7.43641E-01     3.12663E+00     1.00000E+00        9     1.83093E+00     6.97665E-01     3.08682E+00     1.00000E+00       17     1.81039E+00     6.29763E-01     3.03424E+00     1.00000E+00       25     1.77520E+00     5.41329E-01     2.97862E+00     1.00000E+00       35     1.72868E+00     4.71580E-01     2.94583E+00     1.00000E+00  
   C         1.869     0.00000E+00    45.62        1     1.85969E+00     7.47774E-01     3.16197E+00     1.00000E+00        9     1.83555E+00     7.02068E-01     3.11973E+00     1.00000E+00       17     1.81500E+00     6.34430E-01     3.06210E+00     1.00000E+00       25     1.77972E+00     5.46103E-01     2.99819E+00     1.00000E+00       35     1.73268E+00     4.76232E-01     2.95817E+00     1.00000E+00  
   C         1.869     0.00000E+00    46.87        1     1.86521E+00     7.51970E-01     3.20175E+00     1.00000E+00        9     1.84030E+00     7.06545E-01     3.15750E+00     1.00000E+00       17     1.81974E+00     6.39190E-01     3.09507E+00     1.00000E+00       25     1.78439E+00     5.50984E-01     3.02231E+00     1.00000E+00       35     1.73681E+00     4.80998E-01     2.97372E+00     1.00000E+00  
   C         1.869     0.00000E+00    48.12        1     1.87092E+00     7.56225E-01     3.24630E+00     1.00000E+00        9     1.84520E+00     7.11094E-01     3.20063E+00     1.00000E+00       17     1.82463E+00     6.44037E-01     3.13391E+00     1.00000E+00       25     1.78920E+00     5.55970E-01     3.05193E+00     1.00000E+00       35     1.74106E+00     4.85876E-01     2.99329E+00     1.00000E+00  
   C         1.869     0.00000E+00    49.38        1     1.87681E+00     7.60535E-01     3.29595E+00     1.00000E+00        9     1.85024E+00     7.15711E-01     3.24964E+00     1.00000E+00       17     1.82967E+00     6.48969E-01     3.17946E+00     1.00000E+00       25     1.79415E+00     5.61058E-01     3.08817E+00     1.00000E+00       35     1.74544E+00     4.90866E-01     3.01787E+00     1.00000E+00  
   C         1.869     0.00000E+00    50.62        1     1.88289E+00     7.64897E-01     3.35100E+00     1.00000E+00        9     1.85543E+00     7.20392E-01     3.30501E+00     1.00000E+00       17     1.83484E+00     6.53982E-01     3.23260E+00     1.00000E+00       25     1.79924E+00     5.66246E-01     3.13232E+00     1.00000E+00       35     1.74996E+00     4.95966E-01     3.04869E+00     1.00000E+00  
   C         1.869     0.00000E+00    51.88        1     1.88916E+00     7.69306E-01     3.41169E+00     1.00000E+00        9     1.86075E+00     7.25133E-01     3.36720E+00     1.00000E+00       17     1.84016E+00     6.59073E-01     3.29428E+00     1.00000E+00       25     1.80448E+00     5.71531E-01     3.18588E+00     1.00000E+00       35     1.75461E+00     5.01173E-01     3.08727E+00     1.00000E+00  
   C         1.869     0.00000E+00    53.12        1     1.89563E+00     7.73758E-01     3.47820E+00     1.00000E+00        9     1.86623E+00     7.29930E-01     3.43660E+00     1.00000E+00       17     1.84562E+00     6.64238E-01     3.36541E+00     1.00000E+00       25     1.80987E+00     5.76910E-01     3.25058E+00     1.00000E+00       35     1.75940E+00     5.06486E-01     3.13545E+00     1.00000E+00  
   C         1.869     0.00000E+00    54.38        1     1.90228E+00     7.78248E-01     3.55065E+00     1.00000E+00        9     1.87185E+00     7.34778E-01     3.51347E+00     1.00000E+00       17     1.85123E+00     6.69474E-01     3.44688E+00     1.00000E+00       25     1.81541E+00     5.82380E-01     3.32845E+00     1.00000E+00       35     1.76432E+00     5.11902E-01     3.19549E+00     1.00000E+00  
   C         1.869     0.00000E+00    55.62        1     1.90914E+00     7.82773E-01     3.62901E+00     1.00000E+00        9     1.87761E+00     7.39674E-01     3.59796E+00     1.00000E+00       17     1.85698E+00     6.74776E-01     3.53937E+00     1.00000E+00       25     1.82110E+00     5.87939E-01     3.42178E+00     1.00000E+00       35     1.76938E+00     5.17420E-01     3.27008E+00     1.00000E+00  
   C         1.869     0.00000E+00    56.88        1     1.91619E+00     7.87328E-01     3.71316E+00     1.00000E+00        9     1.88353E+00     7.44614E-01     3.69000E+00     1.00000E+00       17     1.86289E+00     6.80142E-01     3.64332E+00     1.00000E+00       25     1.82694E+00     5.93583E-01     3.53317E+00     1.00000E+00       35     1.77458E+00     5.23037E-01     3.36246E+00     1.00000E+00  
   C         1.869     0.00000E+00    58.12        1     1.92344E+00     7.91909E-01     3.80284E+00     1.00000E+00        9     1.88959E+00     7.49592E-01     3.78930E+00     1.00000E+00       17     1.86893E+00     6.85566E-01     3.75871E+00     1.00000E+00       25     1.83292E+00     5.99310E-01     3.66527E+00     1.00000E+00       35     1.77992E+00     5.28752E-01     3.47639E+00     1.00000E+00  
   C         1.869     0.00000E+00    59.38        1     1.93086E+00     7.96511E-01     3.89773E+00     1.00000E+00        9     1.89576E+00     7.54606E-01     3.89518E+00     1.00000E+00       17     1.87510E+00     6.91044E-01     3.88480E+00     1.00000E+00       25     1.83904E+00     6.05115E-01     3.82018E+00     1.00000E+00       35     1.78540E+00     5.34560E-01     3.61621E+00     1.00000E+00  
   C         1.869     0.00000E+00    60.00        1     1.93448E+00     7.98833E-01     3.90000E+00     1.00000E+00        9     1.89875E+00     7.57140E-01     3.89510E+00     1.00000E+00       17     1.87807E+00     6.93820E-01     3.88470E+00     1.00000E+00       25     1.84200E+00     6.08065E-01     3.82001E+00     1.00000E+00       35     1.78815E+00     5.37518E-01     3.69826E+00     1.00000E+00  
