   C         0.678     0.00000E+00     0.00        1     1.73236E+00     2.09031E-01     2.90000E+00     1.00000E+00       11     1.71929E+00     1.81542E-01     2.90000E+00     1.00000E+00       21     1.70388E+00     1.53436E-01     2.90000E+00     1.00000E+00       31     1.69030E+00     1.32034E-01     2.90000E+00     1.00000E+00  
   C         0.678     0.00000E+00     0.55        1     1.73236E+00     2.09031E-01     2.90000E+00     1.00000E+00       11     1.71929E+00     1.81542E-01     2.90000E+00     1.00000E+00       21     1.70388E+00     1.53436E-01     2.90000E+00     1.00000E+00       31     1.69030E+00     1.32034E-01     2.90000E+00     1.00000E+00  
   C         0.678     0.00000E+00     1.64        1     1.73247E+00     2.09123E-01     2.90000E+00     1.00000E+00       11     1.71941E+00     1.81629E-01     2.90000E+00     1.00000E+00       21     1.70400E+00     1.53517E-01     2.90000E+00     1.00000E+00       31     1.69041E+00     1.32110E-01     2.90000E+00     1.00000E+00  
   C         0.678     0.00000E+00     2.73        1     1.73269E+00     2.09306E-01     2.90000E+00     1.00000E+00       11     1.71963E+00     1.81802E-01     2.90000E+00     1.00000E+00       21     1.70423E+00     1.53679E-01     2.90000E+00     1.00000E+00       31     1.69065E+00     1.32261E-01     2.90000E+00     1.00000E+00  
   C         0.678     0.00000E+00     3.82        1     1.73302E+00     2.09581E-01     2.90000E+00     1.00000E+00       11     1.71997E+00     1.82062E-01     2.90000E+00     1.00000E+00       21     1.70457E+00     1.53921E-01     2.90000E+00     1.00000E+00       31     1.69099E+00     1.32489E-01     2.90000E+00     1.00000E+00  
   C         0.678     0.00000E+00     4.91        1     1.73347E+00     2.09948E-01     2.90000E+00     1.00000E+00       11     1.72042E+00     1.82409E-01     2.90000E+00     1.00000E+00       21     1.70503E+00     1.54245E-01     2.90000E+00     1.00000E+00       31     1.69146E+00     1.32792E-01     2.90000E+00     1.00000E+00  
   C         0.678     0.00000E+00     6.00        1     1.73402E+00     2.10406E-01     2.90000E+00     1.00000E+00       11     1.72098E+00     1.82843E-01     2.90000E+00     1.00000E+00       21     1.70560E+00     1.54649E-01     2.90000E+00     1.00000E+00       31     1.69204E+00     1.33172E-01     2.90000E+00     1.00000E+00  
   C         0.678     0.00000E+00     7.09        1     1.73469E+00     2.10957E-01     2.90000E+00     1.00000E+00       11     1.72165E+00     1.83364E-01     2.90000E+00     1.00000E+00       21     1.70629E+00     1.55135E-01     2.90000E+00     1.00000E+00       31     1.69273E+00     1.33628E-01     2.90000E+00     1.00000E+00  
   C         0.678     0.00000E+00     8.18        1     1.73547E+00     2.11600E-01     2.90000E+00     1.00000E+00       11     1.72244E+00     1.83972E-01     2.90000E+00     1.00000E+00       21     1.70709E+00     1.55703E-01     2.90000E+00     1.00000E+00       31     1.69355E+00     1.34160E-01     2.90000E+00     1.00000E+00  
   C         0.678     0.00000E+00     9.27        1     1.73636E+00     2.12335E-01     2.90000E+00     1.00000E+00       11     1.72334E+00     1.84668E-01     2.90000E+00     1.00000E+00       21     1.70800E+00     1.56352E-01     2.90000E+00     1.00000E+00       31     1.69448E+00     1.34770E-01     2.90000E+00     1.00000E+00  
   C         0.678     0.00000E+00    10.36        1     1.73737E+00     2.13163E-01     2.90000E+00     1.00000E+00       11     1.72435E+00     1.85451E-01     2.90000E+00     1.00000E+00       21     1.70903E+00     1.57084E-01     2.90000E+00     1.00000E+00       31     1.69552E+00     1.35457E-01     2.90000E+00     1.00000E+00  
   C         0.678     0.00000E+00    11.45        1     1.73848E+00     2.14084E-01     2.90000E+00     1.00000E+00       11     1.72547E+00     1.86323E-01     2.90000E+00     1.00000E+00       21     1.71018E+00     1.57898E-01     2.90000E+00     1.00000E+00       31     1.69669E+00     1.36222E-01     2.90000E+00     1.00000E+00  
   C         0.678     0.00000E+00    12.55        1     1.73971E+00     2.15097E-01     2.90000E+00     1.00000E+00       11     1.72671E+00     1.87283E-01     2.90000E+00     1.00000E+00       21     1.71144E+00     1.58796E-01     2.90000E+00     1.00000E+00       31     1.69797E+00     1.37065E-01     2.90000E+00     1.00000E+00  
   C         0.678     0.00000E+00    13.64        1     1.74105E+00     2.16204E-01     2.90000E+00     1.00000E+00       11     1.72807E+00     1.88332E-01     2.90000E+00     1.00000E+00       21     1.71282E+00     1.59776E-01     2.90000E+00     1.00000E+00       31     1.69937E+00     1.37986E-01     2.90000E+00     1.00000E+00  
   C         0.678     0.00000E+00    14.73        1     1.74251E+00     2.17405E-01     2.90000E+00     1.00000E+00       11     1.72953E+00     1.89469E-01     2.90000E+00     1.00000E+00       21     1.71432E+00     1.60841E-01     2.90000E+00     1.00000E+00       31     1.70088E+00     1.38987E-01     2.90000E+00     1.00000E+00  
   C         0.678     0.00000E+00    15.82        1     1.74408E+00     2.18700E-01     2.90000E+00     1.00000E+00       11     1.73112E+00     1.90697E-01     2.90000E+00     1.00000E+00       21     1.71593E+00     1.61990E-01     2.90000E+00     1.00000E+00       31     1.70252E+00     1.40068E-01     2.90000E+00     1.00000E+00  
   C         0.678     0.00000E+00    16.91        1     1.74577E+00     2.20089E-01     2.90000E+00     1.00000E+00       11     1.73281E+00     1.92015E-01     2.90000E+00     1.00000E+00       21     1.71766E+00     1.63224E-01     2.90000E+00     1.00000E+00       31     1.70428E+00     1.41229E-01     2.90000E+00     1.00000E+00  
   C         0.678     0.00000E+00    18.00        1     1.74757E+00     2.21572E-01     2.90000E+00     1.00000E+00       11     1.73462E+00     1.93423E-01     2.90000E+00     1.00000E+00       21     1.71950E+00     1.64543E-01     2.90000E+00     1.00000E+00       31     1.70615E+00     1.42472E-01     2.90000E+00     1.00000E+00  
   C         0.678     0.00000E+00    19.09        1     1.74950E+00     2.23151E-01     2.90000E+00     1.00000E+00       11     1.73655E+00     1.94922E-01     2.90000E+00     1.00000E+00       21     1.72147E+00     1.65948E-01     2.90000E+00     1.00000E+00       31     1.70814E+00     1.43796E-01     2.90000E+00     1.00000E+00  
   C         0.678     0.00000E+00    20.18        1     1.75153E+00     2.24826E-01     2.90000E+00     1.00000E+00       11     1.73860E+00     1.96513E-01     2.90000E+00     1.00000E+00       21     1.72355E+00     1.67440E-01     2.90000E+00     1.00000E+00       31     1.71026E+00     1.45202E-01     2.90000E+00     1.00000E+00  
   C         0.678     0.00000E+00    21.27        1     1.75369E+00     2.26596E-01     2.90001E+00     1.00000E+00       11     1.74076E+00     1.98196E-01     2.90000E+00     1.00000E+00       21     1.72575E+00     1.69020E-01     2.90000E+00     1.00000E+00       31     1.71249E+00     1.46692E-01     2.90000E+00     1.00000E+00  
   C         0.678     0.00000E+00    22.36        1     1.75597E+00     2.28463E-01     2.90001E+00     1.00000E+00       11     1.74303E+00     1.99971E-01     2.90000E+00     1.00000E+00       21     1.72807E+00     1.70688E-01     2.90000E+00     1.00000E+00       31     1.71485E+00     1.48267E-01     2.90000E+00     1.00000E+00  
   C         0.678     0.00000E+00    23.45        1     1.75836E+00     2.30427E-01     2.90001E+00     1.00000E+00       11     1.74543E+00     2.01840E-01     2.90001E+00     1.00000E+00       21     1.73051E+00     1.72445E-01     2.90000E+00     1.00000E+00       31     1.71733E+00     1.49926E-01     2.90000E+00     1.00000E+00  
   C         0.678     0.00000E+00    24.55        1     1.76088E+00     2.32488E-01     2.90002E+00     1.00000E+00       11     1.74794E+00     2.03803E-01     2.90001E+00     1.00000E+00       21     1.73307E+00     1.74291E-01     2.90000E+00     1.00000E+00       31     1.71993E+00     1.51671E-01     2.90000E+00     1.00000E+00  
   C         0.678     0.00000E+00    25.64        1     1.76352E+00     2.34647E-01     2.90004E+00     1.00000E+00       11     1.75057E+00     2.05860E-01     2.90002E+00     1.00000E+00       21     1.73575E+00     1.76228E-01     2.90001E+00     1.00000E+00       31     1.72266E+00     1.53503E-01     2.90000E+00     1.00000E+00  
   C         0.678     0.00000E+00    26.73        1     1.76629E+00     2.36904E-01     2.90006E+00     1.00000E+00       11     1.75332E+00     2.08012E-01     2.90003E+00     1.00000E+00       21     1.73856E+00     1.78256E-01     2.90001E+00     1.00000E+00       31     1.72551E+00     1.55423E-01     2.90001E+00     1.00000E+00  
   C         0.678     0.00000E+00    27.82        1     1.76918E+00     2.39261E-01     2.90009E+00     1.00000E+00       11     1.75620E+00     2.10261E-01     2.90004E+00     1.00000E+00       21     1.74148E+00     1.80377E-01     2.90002E+00     1.00000E+00       31     1.72848E+00     1.57431E-01     2.90001E+00     1.00000E+00  
   C         0.678     0.00000E+00    28.91        1     1.77220E+00     2.41716E-01     2.90013E+00     1.00000E+00       11     1.75919E+00     2.12606E-01     2.90007E+00     1.00000E+00       21     1.74453E+00     1.82590E-01     2.90003E+00     1.00000E+00       31     1.73158E+00     1.59529E-01     2.90001E+00     1.00000E+00  
   C         0.678     0.00000E+00    30.00        1     1.77534E+00     2.44272E-01     2.90020E+00     1.00000E+00       11     1.76230E+00     2.15048E-01     2.90010E+00     1.00000E+00       21     1.74770E+00     1.84898E-01     2.90005E+00     1.00000E+00       31     1.73480E+00     1.61719E-01     2.90002E+00     1.00000E+00  
   C         0.678     0.00000E+00    31.09        1     1.77862E+00     2.46928E-01     2.90030E+00     1.00000E+00       11     1.76553E+00     2.17588E-01     2.90016E+00     1.00000E+00       21     1.75100E+00     1.87300E-01     2.90008E+00     1.00000E+00       31     1.73815E+00     1.64000E-01     2.90004E+00     1.00000E+00  
   C         0.678     0.00000E+00    32.18        1     1.78203E+00     2.49685E-01     2.90045E+00     1.00000E+00       11     1.76889E+00     2.20227E-01     2.90025E+00     1.00000E+00       21     1.75442E+00     1.89798E-01     2.90012E+00     1.00000E+00       31     1.74163E+00     1.66374E-01     2.90006E+00     1.00000E+00  
   C         0.678     0.00000E+00    33.27        1     1.78558E+00     2.52543E-01     2.90067E+00     1.00000E+00       11     1.77237E+00     2.22966E-01     2.90038E+00     1.00000E+00       21     1.75796E+00     1.92393E-01     2.90019E+00     1.00000E+00       31     1.74524E+00     1.68842E-01     2.90010E+00     1.00000E+00  
   C         0.678     0.00000E+00    34.36        1     1.78926E+00     2.55504E-01     2.90100E+00     1.00000E+00       11     1.77597E+00     2.25804E-01     2.90058E+00     1.00000E+00       21     1.76163E+00     1.95085E-01     2.90030E+00     1.00000E+00       31     1.74897E+00     1.71405E-01     2.90017E+00     1.00000E+00  
   C         0.678     0.00000E+00    35.45        1     1.79308E+00     2.58567E-01     2.90147E+00     1.00000E+00       11     1.77970E+00     2.28744E-01     2.90087E+00     1.00000E+00       21     1.76543E+00     1.97876E-01     2.90047E+00     1.00000E+00       31     1.75284E+00     1.74065E-01     2.90027E+00     1.00000E+00  
   C         0.678     0.00000E+00    36.55        1     1.79704E+00     2.61733E-01     2.90215E+00     1.00000E+00       11     1.78355E+00     2.31785E-01     2.90131E+00     1.00000E+00       21     1.76936E+00     2.00767E-01     2.90072E+00     1.00000E+00       31     1.75683E+00     1.76823E-01     2.90042E+00     1.00000E+00  
   C         0.678     0.00000E+00    37.64        1     1.80115E+00     2.65002E-01     2.90313E+00     1.00000E+00       11     1.78753E+00     2.34928E-01     2.90195E+00     1.00000E+00       21     1.77341E+00     2.03758E-01     2.90110E+00     1.00000E+00       31     1.76096E+00     1.79678E-01     2.90066E+00     1.00000E+00  
   C         0.678     0.00000E+00    38.73        1     1.80540E+00     2.68375E-01     2.90451E+00     1.00000E+00       11     1.79163E+00     2.38175E-01     2.90288E+00     1.00000E+00       21     1.77760E+00     2.06851E-01     2.90168E+00     1.00000E+00       31     1.76522E+00     1.82634E-01     2.90103E+00     1.00000E+00  
   C         0.678     0.00000E+00    39.82        1     1.80980E+00     2.71853E-01     2.90646E+00     1.00000E+00       11     1.79586E+00     2.41525E-01     2.90424E+00     1.00000E+00       21     1.78191E+00     2.10046E-01     2.90254E+00     1.00000E+00       31     1.76961E+00     1.85691E-01     2.90160E+00     1.00000E+00  
   C         0.678     0.00000E+00    40.91        1     1.81435E+00     2.75436E-01     2.90919E+00     1.00000E+00       11     1.80022E+00     2.44980E-01     2.90618E+00     1.00000E+00       21     1.78635E+00     2.13345E-01     2.90381E+00     1.00000E+00       31     1.77413E+00     1.88850E-01     2.90246E+00     1.00000E+00  
   C         0.678     0.00000E+00    42.00        1     1.81906E+00     2.79123E-01     2.91297E+00     1.00000E+00       11     1.80471E+00     2.48539E-01     2.90894E+00     1.00000E+00       21     1.79092E+00     2.16748E-01     2.90567E+00     1.00000E+00       31     1.77879E+00     1.92112E-01     2.90376E+00     1.00000E+00  
   C         0.678     0.00000E+00    43.09        1     1.82392E+00     2.82917E-01     2.91817E+00     1.00000E+00       11     1.80933E+00     2.52204E-01     2.91284E+00     1.00000E+00       21     1.79563E+00     2.20256E-01     2.90838E+00     1.00000E+00       31     1.78358E+00     1.95479E-01     2.90569E+00     1.00000E+00  
   C         0.678     0.00000E+00    44.18        1     1.82895E+00     2.86816E-01     2.92526E+00     1.00000E+00       11     1.81408E+00     2.55976E-01     2.91829E+00     1.00000E+00       21     1.80047E+00     2.23870E-01     2.91228E+00     1.00000E+00       31     1.78851E+00     1.98951E-01     2.90855E+00     1.00000E+00  
   C         0.678     0.00000E+00    45.27        1     1.83414E+00     2.90821E-01     2.93483E+00     1.00000E+00       11     1.81895E+00     2.59854E-01     2.92585E+00     1.00000E+00       21     1.80544E+00     2.27592E-01     2.91787E+00     1.00000E+00       31     1.79357E+00     2.02530E-01     2.91275E+00     1.00000E+00  
   C         0.678     0.00000E+00    46.36        1     1.83950E+00     2.94932E-01     2.94764E+00     1.00000E+00       11     1.82396E+00     2.63839E-01     2.93624E+00     1.00000E+00       21     1.81054E+00     2.31421E-01     2.92577E+00     1.00000E+00       31     1.79877E+00     2.06216E-01     2.91886E+00     1.00000E+00  
   C         0.678     0.00000E+00    47.45        1     1.84504E+00     2.99150E-01     2.96463E+00     1.00000E+00       11     1.82910E+00     2.67932E-01     2.95038E+00     1.00000E+00       21     1.81578E+00     2.35359E-01     2.93686E+00     1.00000E+00       31     1.80411E+00     2.10012E-01     2.92765E+00     1.00000E+00  
   C         0.678     0.00000E+00    48.55        1     1.85075E+00     3.03475E-01     2.98693E+00     1.00000E+00       11     1.83438E+00     2.72134E-01     2.96944E+00     1.00000E+00       21     1.82115E+00     2.39406E-01     2.95228E+00     1.00000E+00       31     1.80959E+00     2.13917E-01     2.94020E+00     1.00000E+00  
   C         0.678     0.00000E+00    49.64        1     1.85664E+00     3.07907E-01     3.01594E+00     1.00000E+00       11     1.83979E+00     2.76444E-01     2.99489E+00     1.00000E+00       21     1.82666E+00     2.43563E-01     2.97350E+00     1.00000E+00       31     1.81520E+00     2.17933E-01     2.95794E+00     1.00000E+00  
   C         0.678     0.00000E+00    50.73        1     1.86271E+00     3.12445E-01     3.05325E+00     1.00000E+00       11     1.84533E+00     2.80863E-01     3.02852E+00     1.00000E+00       21     1.83230E+00     2.47831E-01     3.00241E+00     1.00000E+00       31     1.82096E+00     2.22060E-01     2.98275E+00     1.00000E+00  
   C         0.678     0.00000E+00    51.82        1     1.86897E+00     3.17090E-01     3.10072E+00     1.00000E+00       11     1.85101E+00     2.85391E-01     3.07244E+00     1.00000E+00       21     1.83808E+00     2.52211E-01     3.04138E+00     1.00000E+00       31     1.82685E+00     2.26300E-01     3.01711E+00     1.00000E+00  
   C         0.678     0.00000E+00    52.91        1     1.87543E+00     3.21841E-01     3.16042E+00     1.00000E+00       11     1.85682E+00     2.90028E-01     3.12913E+00     1.00000E+00       21     1.84400E+00     2.56702E-01     3.09330E+00     1.00000E+00       31     1.83289E+00     2.30654E-01     3.06418E+00     1.00000E+00  
   C         0.678     0.00000E+00    54.00        1     1.88208E+00     3.26699E-01     3.23455E+00     1.00000E+00       11     1.86277E+00     2.94775E-01     3.20132E+00     1.00000E+00       21     1.85006E+00     2.61306E-01     3.16160E+00     1.00000E+00       31     1.83906E+00     2.35122E-01     3.12788E+00     1.00000E+00  
   C         0.678     0.00000E+00    55.09        1     1.88893E+00     3.31663E-01     3.32537E+00     1.00000E+00       11     1.86885E+00     2.99631E-01     3.29195E+00     1.00000E+00       21     1.85625E+00     2.66023E-01     3.25011E+00     1.00000E+00       31     1.84538E+00     2.39705E-01     3.21290E+00     1.00000E+00  
   C         0.678     0.00000E+00    56.18        1     1.89598E+00     3.36733E-01     3.43507E+00     1.00000E+00       11     1.87507E+00     3.04597E-01     3.40392E+00     1.00000E+00       21     1.86258E+00     2.70854E-01     3.36294E+00     1.00000E+00       31     1.85184E+00     2.44404E-01     3.32453E+00     1.00000E+00  
   C         0.678     0.00000E+00    57.27        1     1.90325E+00     3.41908E-01     3.56558E+00     1.00000E+00       11     1.88143E+00     3.09672E-01     3.53987E+00     1.00000E+00       21     1.86905E+00     2.75797E-01     3.50401E+00     1.00000E+00       31     1.85844E+00     2.49219E-01     3.46828E+00     1.00000E+00  
   C         0.678     0.00000E+00    58.36        1     1.91073E+00     3.47188E-01     3.71840E+00     1.00000E+00       11     1.88792E+00     3.14856E-01     3.70181E+00     1.00000E+00       21     1.87565E+00     2.80855E-01     3.67657E+00     1.00000E+00       31     1.86518E+00     2.54151E-01     3.64907E+00     1.00000E+00  
   C         0.678     0.00000E+00    59.45        1     1.91840E+00     3.52572E-01     3.89456E+00     1.00000E+00       11     1.89453E+00     3.20149E-01     3.89069E+00     1.00000E+00       21     1.88238E+00     2.86027E-01     3.88226E+00     1.00000E+00       31     1.87204E+00     2.59200E-01     3.86987E+00     1.00000E+00  
   C         0.678     0.00000E+00    60.00        1     1.92216E+00     3.55318E-01     3.90000E+00     1.00000E+00       11     1.89773E+00     3.22851E-01     3.89063E+00     1.00000E+00       21     1.88562E+00     2.88670E-01     3.88218E+00     1.00000E+00       31     1.87536E+00     2.61783E-01     3.86978E+00     1.00000E+00  
