State         Time      Voltage         mAh_exp         csa_NJc    Cycle_Number         fail_id     Theta_Alpha Theta_Beta_edge         csb_NJc      Theta_Beta
  CDR        hours        Volts             mAh         mol/cm3               ,               .               ,               ,            conc
   D       0.00000      3.55000     0.00000E+00     9.13526E-07     1.00000E+00     0.00000E+00     1.00000E+00     0.00000E+00     2.90000E+00     0.00000E+00
   D       0.00278      3.35707     1.72689E-02     5.15733E-02     1.00000E+00     0.00000E+00     1.00000E+00     0.00000E+00     2.90000E+00     0.00000E+00
   D       0.00556      3.32475     3.45378E-02     7.37174E-02     1.00000E+00     0.00000E+00     1.00000E+00     0.00000E+00     2.90000E+00     0.00000E+00
   D       0.00834      3.29308     5.18068E-02     9.01008E-02     1.00000E+00     0.00000E+00     1.00000E+00     0.00000E+00     2.90000E+00     0.00000E+00
   D       0.01112      3.26622     6.90757E-02     1.03462E-01     1.00000E+00     0.00000E+00     1.00000E+00     0.00000E+00     2.90000E+00     0.00000E+00
   D       0.01390      3.24352     8.63446E-02     1.15004E-01     1.00000E+00     0.00000E+00     1.00000E+00     0.00000E+00     2.90000E+00     0.00000E+00
   D       0.01668      3.22356     1.03614E-01     1.25446E-01     1.00000E+00     0.00000E+00     1.00000E+00     0.00000E+00     2.90000E+00     0.00000E+00
   D       0.01946      3.20512     1.20882E-01     1.35253E-01     1.00000E+00     0.00000E+00     1.00000E+00     0.00000E+00     2.90000E+00     0.00000E+00
   D       0.02224      3.18735     1.38151E-01     1.44718E-01     1.00000E+00     0.00000E+00     1.00000E+00     0.00000E+00     2.90000E+00     0.00000E+00
   D       0.02502      3.16963     1.55420E-01     1.54002E-01     1.00000E+00     0.00000E+00     1.00000E+00     0.00000E+00     2.90000E+00     0.00000E+00
   D       0.02781      3.15157     1.72689E-01     1.63172E-01     1.00000E+00     0.00000E+00     1.00000E+00     0.00000E+00     2.90000E+00     0.00000E+00
   D       0.03059      3.13288     1.89958E-01     1.72247E-01     1.00000E+00     0.00000E+00     1.00000E+00     0.00000E+00     2.90000E+00     0.00000E+00
   D       0.03337      3.11339     2.07227E-01     1.81219E-01     1.00000E+00     0.00000E+00     1.00000E+00     0.00000E+00     2.90000E+00     0.00000E+00
   D       0.03615      3.09304     2.24496E-01     1.90076E-01     1.00000E+00     0.00000E+00     1.00000E+00     0.00000E+00     2.90000E+00     0.00000E+00
   D       0.03893      3.07182     2.41765E-01     1.98810E-01     1.00000E+00     0.00000E+00     1.00000E+00     0.00000E+00     2.90000E+00     0.00000E+00
   D       0.04171      3.04981     2.59034E-01     2.07421E-01     1.00000E+00     0.00000E+00     1.00000E+00     0.00000E+00     2.90000E+00     0.00000E+00
   D       0.04449      3.02717     2.76303E-01     2.15909E-01     1.00000E+00     0.00000E+00     1.00000E+00     0.00000E+00     2.90000E+00     0.00000E+00
   D       0.04727      3.00405     2.93572E-01     2.24282E-01     1.00000E+00     0.00000E+00     1.00000E+00     0.00000E+00     2.90000E+00     0.00000E+00
   D       0.05005      2.98067     3.10841E-01     2.32544E-01     1.00000E+00     0.00000E+00     1.00000E+00     0.00000E+00     2.90000E+00     0.00000E+00
   D       0.05283      2.95727     3.28110E-01     2.40700E-01     1.00000E+00     0.00000E+00     1.00000E+00     0.00000E+00     2.90000E+00     0.00000E+00
   D       0.05561      2.93409     3.45378E-01     2.48755E-01     1.00000E+00     0.00000E+00     1.00000E+00     0.00000E+00     2.90000E+00     0.00000E+00
   D       0.05839      2.91136     3.62647E-01     2.56709E-01     1.00000E+00     0.00000E+00     1.00000E+00     0.00000E+00     2.90000E+00     0.00000E+00
   D       0.06117      2.88932     3.79916E-01     2.64560E-01     1.00000E+00     0.00000E+00     1.00000E+00     0.00000E+00     2.90000E+00     0.00000E+00
   D       0.06395      2.86819     3.97185E-01     2.72305E-01     1.00000E+00     0.00000E+00     1.00000E+00     0.00000E+00     2.90000E+00     0.00000E+00
   D       0.06673      2.84816     4.14454E-01     2.79938E-01     1.00000E+00     0.00000E+00     1.00000E+00     0.00000E+00     2.90000E+00     0.00000E+00
   D       0.06951      2.82940     4.31723E-01     2.87448E-01     1.00000E+00     0.00000E+00     1.00000E+00     0.00000E+00     2.90000E+00     0.00000E+00
   D       0.07229      2.81204     4.48992E-01     2.94825E-01     1.00000E+00     0.00000E+00     1.00000E+00     0.00000E+00     2.90000E+00     0.00000E+00
   D       0.07507      2.79619     4.66261E-01     3.02053E-01     1.00000E+00     0.00000E+00     1.00000E+00     0.00000E+00     2.90000E+00     0.00000E+00
   D       0.07786      2.78194     4.83530E-01     3.09113E-01     1.00000E+00     0.00000E+00     1.00000E+00     0.00000E+00     2.90000E+00     0.00000E+00
   D       0.08064      2.76932     5.00799E-01     3.15983E-01     1.00000E+00     0.00000E+00     1.00000E+00     0.00000E+00     2.90000E+00     0.00000E+00
   D       0.08342      2.75834     5.18068E-01     3.22639E-01     1.00000E+00     0.00000E+00     1.00000E+00     0.00000E+00     2.90000E+00     0.00000E+00
   D       0.08620      2.74901     5.35337E-01     3.29055E-01     1.00000E+00     0.00000E+00     1.00000E+00     0.00000E+00     2.90000E+00     0.00000E+00
   D       0.08898      2.74127     5.52606E-01     3.35205E-01     1.00000E+00     0.00000E+00     1.00000E+00     0.00000E+00     2.90000E+00     0.00000E+00
   D       0.09176      2.73504     5.69874E-01     3.41068E-01     1.00000E+00     0.00000E+00     1.00000E+00     0.00000E+00     2.90000E+00     0.00000E+00
   D       0.09454      2.73019     5.87143E-01     3.46635E-01     1.00000E+00     0.00000E+00     1.00000E+00     0.00000E+00     2.90000E+00     0.00000E+00
   D       0.09732      2.72651     6.04412E-01     3.51922E-01     1.00000E+00     0.00000E+00     1.00000E+00     0.00000E+00     2.90000E+00     0.00000E+00
   D       0.10010      2.72372     6.21681E-01     3.56981E-01     1.00000E+00     0.00000E+00     1.00000E+00     0.00000E+00     2.90000E+00     0.00000E+00
   D       0.10288      2.72152     6.38950E-01     3.61887E-01     1.00000E+00     0.00000E+00     1.00000E+00     0.00000E+00     2.90000E+00     0.00000E+00
   D       0.10566      2.71966     6.56219E-01     3.66719E-01     1.00000E+00     0.00000E+00     1.00000E+00     0.00000E+00     2.90000E+00     0.00000E+00
   D       0.10844      2.71801     6.73488E-01     3.71537E-01     1.00000E+00     0.00000E+00     1.00000E+00     0.00000E+00     2.90000E+00     0.00000E+00
   D       0.11122      2.71647     6.90757E-01     3.76385E-01     1.00000E+00     0.00000E+00     1.00000E+00     0.00000E+00     2.90000E+00     0.00000E+00
   D       0.11400      2.71500     7.08026E-01     3.81289E-01     1.00000E+00     0.00000E+00     1.00000E+00     0.00000E+00     2.90000E+00     0.00000E+00
   D       0.11678      2.71358     7.25295E-01     3.86273E-01     1.00000E+00     0.00000E+00     1.00000E+00     0.00000E+00     2.90000E+00     0.00000E+00
   D       0.11956      2.71220     7.42564E-01     3.91355E-01     1.00000E+00     0.00000E+00     1.00000E+00     0.00000E+00     2.90000E+00     0.00000E+00
   D       0.12234      2.71083     7.59833E-01     3.96551E-01     1.00000E+00     0.00000E+00     1.00000E+00     0.00000E+00     2.90000E+00     0.00000E+00
   D       0.12512      2.70948     7.77102E-01     4.01878E-01     1.00000E+00     0.00000E+00     1.00000E+00     0.00000E+00     2.90000E+00     0.00000E+00
   D       0.12791      2.70813     7.94370E-01     4.07353E-01     1.00000E+00     0.00000E+00     1.00000E+00     0.00000E+00     2.90000E+00     0.00000E+00
   D       0.13069      2.70679     8.11639E-01     4.12991E-01     1.00000E+00     0.00000E+00     1.00000E+00     0.00000E+00     2.90000E+00     0.00000E+00
   D       0.13347      2.70544     8.28908E-01     4.18807E-01     1.00000E+00     0.00000E+00     1.00000E+00     0.00000E+00     2.90000E+00     0.00000E+00
   D       0.13625      2.70409     8.46177E-01     4.24814E-01     1.00000E+00     0.00000E+00     1.00000E+00     0.00000E+00     2.90000E+00     0.00000E+00
   D       0.13903      2.70272     8.63446E-01     4.31021E-01     1.00000E+00     0.00000E+00     1.00000E+00     0.00000E+00     2.90000E+00     0.00000E+00
   D       0.14181      2.70134     8.80715E-01     4.37435E-01     1.00000E+00     0.00000E+00     1.00000E+00     0.00000E+00     2.90000E+00     0.00000E+00
   D       0.14459      2.69994     8.97984E-01     4.44055E-01     1.00000E+00     0.00000E+00     1.00000E+00     0.00000E+00     2.90000E+00     0.00000E+00
   D       0.14737      2.69852     9.15253E-01     4.50876E-01     1.00000E+00     0.00000E+00     1.00000E+00     0.00000E+00     2.90000E+00     0.00000E+00
   D       0.15015      2.69708     9.32522E-01     4.57883E-01     1.00000E+00     0.00000E+00     1.00000E+00     0.00000E+00     2.90000E+00     0.00000E+00
   D       0.15293      2.69563     9.49791E-01     4.65054E-01     1.00000E+00     0.00000E+00     1.00000E+00     0.00000E+00     2.90000E+00     0.00000E+00
   D       0.15571      2.69414     9.67060E-01     4.72361E-01     1.00000E+00     0.00000E+00     1.00000E+00     0.00000E+00     2.90000E+00     0.00000E+00
   D       0.15849      2.69264     9.84329E-01     4.79770E-01     1.00000E+00     0.00000E+00     1.00000E+00     0.00000E+00     2.90000E+00     0.00000E+00
   D       0.16127      2.69112     1.00160E+00     4.87245E-01     1.00000E+00     0.00000E+00     1.00000E+00     0.00000E+00     2.90000E+00     0.00000E+00
   D       0.16405      2.68958     1.01887E+00     4.94749E-01     1.00000E+00     0.00000E+00     1.00000E+00     0.00000E+00     2.90000E+00     0.00000E+00
   D       0.16683      2.68802     1.03614E+00     5.02249E-01     1.00000E+00     0.00000E+00     1.00000E+00     0.00000E+00     2.90000E+00     0.00000E+00
   D       0.16961      2.68645     1.05340E+00     5.09719E-01     1.00000E+00     0.00000E+00     1.00000E+00     0.00000E+00     2.90000E+00     0.00000E+00
   D       0.17239      2.68486     1.07067E+00     5.17138E-01     1.00000E+00     0.00000E+00     1.00000E+00     0.00000E+00     2.90000E+00     0.00000E+00
   D       0.17517      2.68326     1.08794E+00     5.24489E-01     1.00000E+00     0.00000E+00     1.00000E+00     0.00000E+00     2.90000E+00     0.00000E+00
   D       0.17796      2.68165     1.10521E+00     5.31766E-01     1.00000E+00     0.00000E+00     1.00000E+00     0.00000E+00     2.90000E+00     0.00000E+00
   D       0.18074      2.68003     1.12248E+00     5.38965E-01     1.00000E+00     0.00000E+00     1.00000E+00     0.00000E+00     2.90000E+00     0.00000E+00
   D       0.18352      2.67839     1.13975E+00     5.46087E-01     1.00000E+00     0.00000E+00     1.00000E+00     0.00000E+00     2.90000E+00     0.00000E+00
   D       0.18630      2.67675     1.15702E+00     5.53136E-01     1.00000E+00     0.00000E+00     1.00000E+00     0.00000E+00     2.90000E+00     0.00000E+00
   D       0.18908      2.67511     1.17429E+00     5.60119E-01     1.00000E+00     0.00000E+00     1.00000E+00     0.00000E+00     2.90000E+00     0.00000E+00
   D       0.19186      2.67345     1.19156E+00     5.67045E-01     1.00000E+00     0.00000E+00     1.00000E+00     0.00000E+00     2.90000E+00     0.00000E+00
   D       0.19464      2.67180     1.20882E+00     5.73922E-01     1.00000E+00     0.00000E+00     1.00000E+00     0.00000E+00     2.90000E+00     0.00000E+00
   D       0.19742      2.67014     1.22609E+00     5.80762E-01     1.00000E+00     0.00000E+00     1.00000E+00     0.00000E+00     2.90000E+00     0.00000E+00
   D       0.20020      2.66848     1.24336E+00     5.87575E-01     1.00000E+00     0.00000E+00     1.00000E+00     0.00000E+00     2.90000E+00     0.00000E+00
   D       0.20298      2.66683     1.26063E+00     5.94371E-01     1.00000E+00     0.00000E+00     1.00000E+00     0.00000E+00     2.90000E+00     0.00000E+00
   D       0.20576      2.66517     1.27790E+00     6.01161E-01     1.00000E+00     0.00000E+00     1.00000E+00     0.00000E+00     2.90000E+00     0.00000E+00
   D       0.20854      2.66352     1.29517E+00     6.07955E-01     1.00000E+00     0.00000E+00     1.00000E+00     0.00000E+00     2.90000E+00     0.00000E+00
   D       0.21132      2.66187     1.31244E+00     6.14763E-01     1.00000E+00     0.00000E+00     1.00000E+00     0.00000E+00     2.90000E+00     0.00000E+00
   D       0.21410      2.66023     1.32971E+00     6.21596E-01     1.00000E+00     0.00000E+00     1.00000E+00     0.00000E+00     2.90000E+00     0.00000E+00
   D       0.21688      2.65860     1.34698E+00     6.28462E-01     1.00000E+00     0.00000E+00     1.00000E+00     0.00000E+00     2.90000E+00     0.00000E+00
   D       0.21966      2.65698     1.36424E+00     6.35369E-01     1.00000E+00     0.00000E+00     1.00000E+00     0.00000E+00     2.90000E+00     0.00000E+00
   D       0.22244      2.65536     1.38151E+00     6.42327E-01     1.00000E+00     0.00000E+00     1.00000E+00     0.00000E+00     2.90000E+00     0.00000E+00
   D       0.22522      2.65375     1.39878E+00     6.49340E-01     1.00000E+00     0.00000E+00     1.00000E+00     0.00000E+00     2.90000E+00     0.00000E+00
   D       0.22801      2.65216     1.41605E+00     6.56417E-01     1.00000E+00     0.00000E+00     1.00000E+00     0.00000E+00     2.90000E+00     0.00000E+00
   D       0.23079      2.65057     1.43332E+00     6.63560E-01     1.00000E+00     0.00000E+00     1.00000E+00     0.00000E+00     2.90000E+00     0.00000E+00
   D       0.23357      2.64900     1.45059E+00     6.70773E-01     1.00000E+00     0.00000E+00     1.00000E+00     0.00000E+00     2.90000E+00     0.00000E+00
   D       0.23635      2.64743     1.46786E+00     6.78058E-01     1.00000E+00     0.00000E+00     1.00000E+00     0.00000E+00     2.90000E+00     0.00000E+00
   D       0.23913      2.64587     1.48513E+00     6.85416E-01     1.00000E+00     0.00000E+00     1.00000E+00     0.00000E+00     2.90000E+00     0.00000E+00
   D       0.24191      2.64432     1.50240E+00     6.92844E-01     1.00000E+00     0.00000E+00     1.00000E+00     0.00000E+00     2.90000E+00     0.00000E+00
   D       0.24469      2.64277     1.51967E+00     7.00339E-01     1.00000E+00     0.00000E+00     1.00000E+00     0.00000E+00     2.90000E+00     0.00000E+00
   D       0.24747      2.64122     1.53693E+00     7.07896E-01     1.00000E+00     0.00000E+00     1.00000E+00     0.00000E+00     2.90000E+00     0.00000E+00
   D       0.25025      2.63966     1.55420E+00     7.15508E-01     1.00000E+00     0.00000E+00     1.00000E+00     0.00000E+00     2.90000E+00     0.00000E+00
   D       0.25303      2.63810     1.57147E+00     7.23167E-01     1.00000E+00     0.00000E+00     1.00000E+00     0.00000E+00     2.90000E+00     0.00000E+00
   D       0.25581      2.63653     1.58874E+00     7.30865E-01     1.00000E+00     0.00000E+00     1.00000E+00     0.00000E+00     2.90000E+00     0.00000E+00
   D       0.25859      2.63494     1.60601E+00     7.38590E-01     1.00000E+00     0.00000E+00     1.00000E+00     0.00000E+00     2.90000E+00     0.00000E+00
   D       0.26137      2.63334     1.62328E+00     7.46334E-01     1.00000E+00     0.00000E+00     1.00000E+00     0.00000E+00     2.90000E+00     0.00000E+00
   D       0.26415      2.63172     1.64055E+00     7.54086E-01     1.00000E+00     0.00000E+00     1.00000E+00     0.00000E+00     2.90000E+00     0.00000E+00
   D       0.26693      2.63008     1.65782E+00     7.61836E-01     1.00000E+00     0.00000E+00     1.00000E+00     0.00000E+00     2.90000E+00     0.00000E+00
   D       0.26971      2.62841     1.67509E+00     7.69577E-01     1.00000E+00     0.00000E+00     1.00000E+00     0.00000E+00     2.90000E+00     0.00000E+00
   D       0.27249      2.62671     1.69235E+00     7.77302E-01     1.00000E+00     0.00000E+00     1.00000E+00     0.00000E+00     2.90000E+00     0.00000E+00
   D       0.27527      2.62499     1.70962E+00     7.85004E-01     1.00000E+00     0.00000E+00     1.00000E+00     0.00000E+00     2.90000E+00     0.00000E+00
   D       0.27806      2.62323     1.72689E+00     7.92681E-01     1.00000E+00     0.00000E+00     1.00000E+00     0.00000E+00     2.90000E+00     0.00000E+00
   D       0.28084      2.62145     1.74416E+00     8.00330E-01     1.00000E+00     0.00000E+00     1.00000E+00     0.00000E+00     2.90000E+00     0.00000E+00
   D       0.28362      2.61964     1.76143E+00     8.07951E-01     1.00000E+00     0.00000E+00     1.00000E+00     0.00000E+00     2.90000E+00     0.00000E+00
   D       0.28640      2.61780     1.77870E+00     8.15546E-01     1.00000E+00     0.00000E+00     1.00000E+00     0.00000E+00     2.90000E+00     0.00000E+00
   D       0.28918      2.61593     1.79597E+00     8.23117E-01     1.00000E+00     0.00000E+00     1.00000E+00     0.00000E+00     2.90000E+00     0.00000E+00
   D       0.29196      2.61404     1.81324E+00     8.30669E-01     1.00000E+00     0.00000E+00     1.00000E+00     0.00000E+00     2.90000E+00     0.00000E+00
   D       0.29474      2.61211     1.83051E+00     8.38208E-01     1.00000E+00     0.00000E+00     1.00000E+00     0.00000E+00     2.90000E+00     0.00000E+00
   D       0.29752      2.61015     1.84777E+00     8.45740E-01     1.00000E+00     0.00000E+00     1.00000E+00     0.00000E+00     2.90000E+00     0.00000E+00
   D       0.30030      2.60817     1.86504E+00     8.53274E-01     1.00000E+00     0.00000E+00     1.00000E+00     0.00000E+00     2.90000E+00     0.00000E+00
   D       0.30308      2.60616     1.88231E+00     8.60818E-01     1.00000E+00     0.00000E+00     1.00000E+00     0.00000E+00     2.90000E+00     0.00000E+00
   D       0.30586      2.60411     1.89958E+00     8.68381E-01     1.00000E+00     0.00000E+00     1.00000E+00     0.00000E+00     2.90000E+00     0.00000E+00
   D       0.30864      2.60204     1.91685E+00     8.75974E-01     1.00000E+00     0.00000E+00     1.00000E+00     0.00000E+00     2.90000E+00     0.00000E+00
   D       0.31142      2.59994     1.93412E+00     8.83606E-01     1.00000E+00     0.00000E+00     1.00000E+00     0.00000E+00     2.90000E+00     0.00000E+00
   D       0.31420      2.59781     1.95139E+00     8.91291E-01     1.00000E+00     0.00000E+00     1.00000E+00     0.00000E+00     2.90000E+00     0.00000E+00
   D       0.31698      2.59565     1.96866E+00     8.99038E-01     1.00000E+00     0.00000E+00     1.00000E+00     0.00000E+00     2.90000E+00     0.00000E+00
   D       0.31976      2.59345     1.98593E+00     9.06859E-01     1.00000E+00     0.00000E+00     1.00000E+00     0.00000E+00     2.90000E+00     0.00000E+00
   D       0.32254      2.59123     2.00320E+00     9.14767E-01     1.00000E+00     0.00000E+00     1.00000E+00     0.00000E+00     2.90000E+00     0.00000E+00
   D       0.32532      2.58896     2.02046E+00     9.22774E-01     1.00000E+00     0.00000E+00     1.00000E+00     0.00000E+00     2.90000E+00     0.00000E+00
   D       0.32811      2.58666     2.03773E+00     9.30890E-01     1.00000E+00     0.00000E+00     1.00000E+00     0.00000E+00     2.90000E+00     0.00000E+00
   D       0.33089      2.58432     2.05500E+00     9.39127E-01     1.00000E+00     0.00000E+00     1.00000E+00     0.00000E+00     2.90000E+00     0.00000E+00
   D       0.33367      2.58194     2.07227E+00     9.47494E-01     1.00000E+00     0.00000E+00     1.00000E+00     0.00000E+00     2.90000E+00     0.00000E+00
   D       0.33645      2.57952     2.08954E+00     9.56002E-01     1.00000E+00     0.00000E+00     1.00000E+00     0.00000E+00     2.90000E+00     0.00000E+00
   D       0.33923      2.57705     2.10681E+00     9.64656E-01     1.00000E+00     0.00000E+00     1.00000E+00     0.00000E+00     2.90000E+00     0.00000E+00
   D       0.34201      2.57453     2.12408E+00     9.73461E-01     1.00000E+00     0.00000E+00     1.00000E+00     0.00000E+00     2.90000E+00     0.00000E+00
   D       0.34479      2.57196     2.14135E+00     9.82418E-01     1.00000E+00     0.00000E+00     1.00000E+00     0.00000E+00     2.90000E+00     0.00000E+00
   D       0.34757      2.56933     2.15862E+00     9.91527E-01     1.00000E+00     0.00000E+00     1.00000E+00     0.00000E+00     2.90000E+00     0.00000E+00
   D       0.35035      2.56664     2.17588E+00     1.00078E+00     1.00000E+00     0.00000E+00     1.00000E+00     0.00000E+00     2.90000E+00     0.00000E+00
   D       0.35313      2.56390     2.19315E+00     1.01017E+00     1.00000E+00     0.00000E+00     1.00000E+00     0.00000E+00     2.90000E+00     0.00000E+00
   D       0.35591      2.56109     2.21042E+00     1.01968E+00     1.00000E+00     0.00000E+00     1.00000E+00     0.00000E+00     2.90000E+00     0.00000E+00
   D       0.35869      2.55821     2.22769E+00     1.02929E+00     1.00000E+00     0.00000E+00     1.00000E+00     0.00000E+00     2.90000E+00     0.00000E+00
   D       0.36147      2.55527     2.24496E+00     1.03899E+00     1.00000E+00     0.00000E+00     1.00000E+00     0.00000E+00     2.90000E+00     0.00000E+00
   D       0.36425      2.55226     2.26223E+00     1.04874E+00     1.00000E+00     0.00000E+00     1.00000E+00     0.00000E+00     2.90000E+00     0.00000E+00
   D       0.36703      2.54920     2.27950E+00     1.05852E+00     1.00000E+00     0.00000E+00     1.00000E+00     0.00000E+00     2.90000E+00     0.00000E+00
   D       0.36981      2.54606     2.29677E+00     1.06831E+00     1.00000E+00     0.00000E+00     1.00000E+00     0.00000E+00     2.90000E+00     0.00000E+00
   D       0.37259      2.54287     2.31404E+00     1.07809E+00     1.00000E+00     0.00000E+00     1.00000E+00     0.00000E+00     2.90000E+00     0.00000E+00
   D       0.37537      2.53963     2.33130E+00     1.08782E+00     1.00000E+00     0.00000E+00     1.00000E+00     0.00000E+00     2.90000E+00     0.00000E+00
   D       0.37816      2.53634     2.34857E+00     1.09750E+00     1.00000E+00     0.00000E+00     1.00000E+00     0.00000E+00     2.90000E+00     0.00000E+00
   D       0.38094      2.53300     2.36584E+00     1.10710E+00     1.00000E+00     0.00000E+00     1.00000E+00     0.00000E+00     2.90000E+00     0.00000E+00
   D       0.38372      2.52963     2.38311E+00     1.11662E+00     1.00000E+00     0.00000E+00     1.00000E+00     0.00000E+00     2.90000E+00     0.00000E+00
   D       0.38650      2.52622     2.40038E+00     1.12606E+00     1.00000E+00     0.00000E+00     1.00000E+00     0.00000E+00     2.90000E+00     0.00000E+00
   D       0.38928      2.52279     2.41765E+00     1.13539E+00     1.00000E+00     0.00000E+00     1.00000E+00     0.00000E+00     2.90000E+00     0.00000E+00
   D       0.39206      2.51934     2.43492E+00     1.14463E+00     1.00000E+00     0.00000E+00     1.00000E+00     0.00000E+00     2.90000E+00     0.00000E+00
   D       0.39484      2.51587     2.45219E+00     1.15377E+00     1.00000E+00     0.00000E+00     1.00000E+00     0.00000E+00     2.90000E+00     0.00000E+00
   D       0.39762      2.51239     2.46946E+00     1.16281E+00     1.00000E+00     0.00000E+00     1.00000E+00     0.00000E+00     2.90000E+00     0.00000E+00
   D       0.40040      2.50891     2.48672E+00     1.17177E+00     1.00000E+00     0.00000E+00     1.00000E+00     0.00000E+00     2.90000E+00     0.00000E+00
   D       0.40318      2.50542     2.50399E+00     1.18064E+00     1.00000E+00     0.00000E+00     1.00000E+00     0.00000E+00     2.90000E+00     2.77609E-08
   D       0.40596      2.50194     2.52126E+00     1.18943E+00     1.00000E+00     0.00000E+00     1.00000E+00     0.00000E+00     2.90000E+00     2.64875E-06
   D       0.40875      2.49850     2.53856E+00     1.19814E+00     1.00000E+00     0.00000E+00     1.00000E+00     0.00000E+00     2.90000E+00     1.21318E-05
   D       0.41154      2.49501     2.55592E+00     1.20682E+00     1.00000E+00     0.00000E+00     1.00000E+00     0.00000E+00     2.90000E+00     3.19628E-05
   D       0.41434      2.49152     2.57328E+00     1.21545E+00     1.00000E+00     0.00000E+00     1.00000E+00     0.00000E+00     2.90000E+00     6.55503E-05
   D       0.41713      2.48803     2.59064E+00     1.22403E+00     1.00000E+00     0.00000E+00     1.00000E+00     0.00000E+00     2.90000E+00     1.16271E-04
   D       0.41993      2.48455     2.60800E+00     1.23256E+00     1.00000E+00     0.00000E+00     1.00000E+00     0.00000E+00     2.90000E+00     1.87461E-04
   D       0.42272      2.48107     2.62536E+00     1.24105E+00     1.00000E+00     0.00000E+00     1.00000E+00     0.00000E+00     2.90000E+00     2.82413E-04
   D       0.42552      2.47760     2.64272E+00     1.24952E+00     1.00000E+00     0.00000E+00     1.00000E+00     0.00000E+00     2.90000E+00     4.04383E-04
   D       0.42831      2.47413     2.66008E+00     1.25796E+00     1.00000E+00     0.00000E+00     1.00000E+00     0.00000E+00     2.90000E+00     5.56583E-04
   D       0.43111      2.47065     2.67744E+00     1.26638E+00     1.00000E+00     0.00000E+00     1.00000E+00     0.00000E+00     2.90000E+00     7.42189E-04
   D       0.43390      2.46718     2.69480E+00     1.27479E+00     1.00000E+00     0.00000E+00     1.00000E+00     0.00000E+00     2.90000E+00     9.64344E-04
   D       0.43670      2.46370     2.71216E+00     1.28320E+00     1.00000E+00     0.00000E+00     1.00000E+00     0.00000E+00     2.90000E+00     1.22619E-03
   D       0.43949      2.46022     2.72952E+00     1.29161E+00     1.00000E+00     0.00000E+00     1.00000E+00     0.00000E+00     2.90000E+00     1.53083E-03
   D       0.44229      2.45673     2.74688E+00     1.30002E+00     1.00000E+00     0.00000E+00     1.00000E+00     0.00000E+00     2.90000E+00     1.88136E-03
   D       0.44508      2.45323     2.76424E+00     1.30844E+00     1.00000E+00     0.00000E+00     1.00000E+00     0.00000E+00     2.90000E+00     2.28086E-03
   D       0.44788      2.44972     2.78159E+00     1.31687E+00     1.00000E+00     0.00000E+00     1.00000E+00     0.00000E+00     2.90000E+00     2.73243E-03
   D       0.45067      2.44619     2.79895E+00     1.32533E+00     1.00000E+00     0.00000E+00     1.00000E+00     0.00000E+00     2.90000E+00     3.23920E-03
   D       0.45347      2.44264     2.81631E+00     1.33381E+00     1.00000E+00     0.00000E+00     1.00000E+00     0.00000E+00     2.90000E+00     3.80440E-03
   D       0.45626      2.43907     2.83367E+00     1.34231E+00     1.00000E+00     0.00000E+00     1.00000E+00     0.00000E+00     2.90000E+00     4.43135E-03
   D       0.45906      2.43548     2.85103E+00     1.35084E+00     1.00000E+00     0.00000E+00     1.00000E+00     0.00000E+00     2.90000E+00     5.12341E-03
   D       0.46185      2.43187     2.86839E+00     1.35940E+00     1.00000E+00     0.00000E+00     1.00000E+00     0.00000E+00     2.90000E+00     5.88413E-03
   D       0.46465      2.42822     2.88575E+00     1.36799E+00     1.00000E+00     0.00000E+00     1.00000E+00     0.00000E+00     2.90000E+00     6.71741E-03
   D       0.46744      2.42455     2.90311E+00     1.37662E+00     1.00000E+00     0.00000E+00     1.00000E+00     0.00000E+00     2.90000E+00     7.62734E-03
   D       0.47024      2.42085     2.92047E+00     1.38527E+00     1.00000E+00     0.00000E+00     1.00000E+00     0.00000E+00     2.90000E+00     8.61870E-03
   D       0.47303      2.41712     2.93783E+00     1.39395E+00     1.00000E+00     0.00000E+00     1.00000E+00     0.00000E+00     2.90000E+00     9.69725E-03
   D       0.47583      2.41335     2.95519E+00     1.40266E+00     1.00000E+00     0.00000E+00     9.99993E-01     6.50950E-06     2.90183E+00     1.08718E-02
   D       0.47862      2.40956     2.97255E+00     1.41138E+00     1.00000E+00     0.00000E+00     9.99884E-01     1.16375E-04     2.90266E+00     1.21580E-02
   D       0.48142      2.40572     2.98991E+00     1.42010E+00     1.00000E+00     0.00000E+00     9.99638E-01     3.61815E-04     2.90337E+00     1.35580E-02
   D       0.48422      2.40186     3.00727E+00     1.42879E+00     1.00000E+00     0.00000E+00     9.99257E-01     7.42538E-04     2.90409E+00     1.50706E-02
   D       0.48701      2.39796     3.02463E+00     1.43746E+00     1.00000E+00     0.00000E+00     9.98742E-01     1.25806E-03     2.90484E+00     1.66943E-02
   D       0.48981      2.39402     3.04199E+00     1.44610E+00     1.00000E+00     0.00000E+00     9.98092E-01     1.90771E-03     2.90565E+00     1.84278E-02
   D       0.49260      2.39006     3.05935E+00     1.45469E+00     1.00000E+00     0.00000E+00     9.97309E-01     2.69066E-03     2.90653E+00     2.02696E-02
   D       0.49540      2.38605     3.07671E+00     1.46324E+00     1.00000E+00     0.00000E+00     9.96394E-01     3.60590E-03     2.90750E+00     2.22181E-02
   D       0.49819      2.38202     3.09407E+00     1.47173E+00     1.00000E+00     0.00000E+00     9.95348E-01     4.65226E-03     2.90857E+00     2.42716E-02
   D       0.50099      2.37795     3.11143E+00     1.48016E+00     1.00000E+00     0.00000E+00     9.94172E-01     5.82840E-03     2.90975E+00     2.64287E-02
   D       0.50378      2.37385     3.12878E+00     1.48852E+00     1.00000E+00     0.00000E+00     9.92867E-01     7.13283E-03     2.91107E+00     2.86875E-02
   D       0.50658      2.36972     3.14614E+00     1.49680E+00     1.00000E+00     0.00000E+00     9.91436E-01     8.56390E-03     2.91253E+00     3.10464E-02
   D       0.50937      2.36556     3.16350E+00     1.50500E+00     1.00000E+00     0.00000E+00     9.89880E-01     1.01198E-02     2.91415E+00     3.35036E-02
   D       0.51217      2.36137     3.18086E+00     1.51311E+00     1.00000E+00     0.00000E+00     9.88201E-01     1.17987E-02     2.91596E+00     3.60573E-02
   D       0.51496      2.35715     3.19822E+00     1.52112E+00     1.00000E+00     0.00000E+00     9.86402E-01     1.35984E-02     2.91797E+00     3.87057E-02
   D       0.51776      2.35292     3.21558E+00     1.52904E+00     1.00000E+00     0.00000E+00     9.84483E-01     1.55169E-02     2.92020E+00     4.14469E-02
   D       0.52055      2.34866     3.23294E+00     1.53686E+00     1.00000E+00     0.00000E+00     9.82448E-01     1.75518E-02     2.92267E+00     4.42791E-02
   D       0.52335      2.34438     3.25030E+00     1.54457E+00     1.00000E+00     0.00000E+00     9.80299E-01     1.97010E-02     2.92541E+00     4.72003E-02
   D       0.52614      2.34008     3.26766E+00     1.55217E+00     1.00000E+00     0.00000E+00     9.78038E-01     2.19621E-02     2.92845E+00     5.02085E-02
   D       0.52894      2.33577     3.28502E+00     1.55967E+00     1.00000E+00     0.00000E+00     9.75667E-01     2.43326E-02     2.93180E+00     5.33019E-02
   D       0.53173      2.33144     3.30238E+00     1.56706E+00     1.00000E+00     0.00000E+00     9.73190E-01     2.68100E-02     2.93550E+00     5.64784E-02
   D       0.53453      2.32710     3.31974E+00     1.57434E+00     1.00000E+00     0.00000E+00     9.70608E-01     2.93919E-02     2.93958E+00     5.97361E-02
   D       0.53732      2.32274     3.33710E+00     1.58151E+00     1.00000E+00     0.00000E+00     9.67924E-01     3.20758E-02     2.94407E+00     6.30728E-02
   D       0.54012      2.31837     3.35446E+00     1.58857E+00     1.00000E+00     0.00000E+00     9.65141E-01     3.48590E-02     2.94899E+00     6.64867E-02
   D       0.54291      2.31398     3.37182E+00     1.59553E+00     1.00000E+00     0.00000E+00     9.62261E-01     3.77392E-02     2.95440E+00     6.99756E-02
   D       0.54571      2.30958     3.38918E+00     1.60238E+00     1.00000E+00     0.00000E+00     9.59286E-01     4.07138E-02     2.96031E+00     7.35375E-02
   D       0.54850      2.30516     3.40654E+00     1.60914E+00     1.00000E+00     0.00000E+00     9.56219E-01     4.37805E-02     2.96678E+00     7.71705E-02
   D       0.55130      2.30073     3.42390E+00     1.61580E+00     1.00000E+00     0.00000E+00     9.53063E-01     4.69369E-02     2.97384E+00     8.08726E-02
   D       0.55409      2.29627     3.44126E+00     1.62238E+00     1.00000E+00     0.00000E+00     9.49819E-01     5.01806E-02     2.98153E+00     8.46417E-02
   D       0.55689      2.29180     3.45861E+00     1.62887E+00     1.00000E+00     0.00000E+00     9.46490E-01     5.35096E-02     2.98991E+00     8.84760E-02
   D       0.55968      2.28730     3.47597E+00     1.63529E+00     1.00000E+00     0.00000E+00     9.43078E-01     5.69217E-02     2.99901E+00     9.23735E-02
   D       0.56248      2.28277     3.49333E+00     1.64163E+00     1.00000E+00     0.00000E+00     9.39585E-01     6.04147E-02     3.00890E+00     9.63323E-02
   D       0.56527      2.27822     3.51069E+00     1.64790E+00     1.00000E+00     0.00000E+00     9.36013E-01     6.39866E-02     3.01961E+00     1.00351E-01
   D       0.56807      2.27364     3.52805E+00     1.65410E+00     1.00000E+00     0.00000E+00     9.32365E-01     6.76354E-02     3.03121E+00     1.04426E-01
   D       0.57086      2.26902     3.54541E+00     1.66024E+00     1.00000E+00     0.00000E+00     9.28641E-01     7.13590E-02     3.04374E+00     1.08558E-01
   D       0.57366      2.26437     3.56277E+00     1.66631E+00     1.00000E+00     0.00000E+00     9.24844E-01     7.51556E-02     3.05727E+00     1.12743E-01
   D       0.57645      2.25968     3.58013E+00     1.67231E+00     1.00000E+00     0.00000E+00     9.20977E-01     7.90232E-02     3.07185E+00     1.16981E-01
   D       0.57925      2.25496     3.59749E+00     1.67825E+00     1.00000E+00     0.00000E+00     9.17040E-01     8.29598E-02     3.08753E+00     1.21269E-01
   D       0.58205      2.25019     3.61485E+00     1.68412E+00     1.00000E+00     0.00000E+00     9.13037E-01     8.69634E-02     3.10437E+00     1.25605E-01
   D       0.58484      2.24537     3.63221E+00     1.68992E+00     1.00000E+00     0.00000E+00     9.08968E-01     9.10321E-02     3.12240E+00     1.29989E-01
   D       0.58764      2.24051     3.64957E+00     1.69566E+00     1.00000E+00     0.00000E+00     9.04836E-01     9.51639E-02     3.14167E+00     1.34417E-01
   D       0.59043      2.23560     3.66693E+00     1.70133E+00     1.00000E+00     0.00000E+00     9.00643E-01     9.93569E-02     3.16221E+00     1.38889E-01
   D       0.59323      2.23064     3.68429E+00     1.70693E+00     1.00000E+00     0.00000E+00     8.96391E-01     1.03609E-01     3.18404E+00     1.43403E-01
   D       0.59602      2.22562     3.70165E+00     1.71247E+00     1.00000E+00     0.00000E+00     8.92082E-01     1.07918E-01     3.20716E+00     1.47958E-01
   D       0.59882      2.22055     3.71901E+00     1.71793E+00     1.00000E+00     0.00000E+00     8.87717E-01     1.12283E-01     3.23156E+00     1.52551E-01
   D       0.60161      2.21542     3.73637E+00     1.72333E+00     1.00000E+00     0.00000E+00     8.83299E-01     1.16701E-01     3.25721E+00     1.57181E-01
   D       0.60441      2.21023     3.75373E+00     1.72866E+00     1.00000E+00     0.00000E+00     8.78830E-01     1.21170E-01     3.28406E+00     1.61847E-01
   D       0.60720      2.20497     3.77109E+00     1.73392E+00     1.00000E+00     0.00000E+00     8.74312E-01     1.25688E-01     3.31202E+00     1.66548E-01
   D       0.60998      2.19956     3.78835E+00     1.73912E+00     1.00000E+00     0.00000E+00     8.69769E-01     1.30231E-01     3.34101E+00     1.71257E-01
   D       0.61276      2.19412     3.80562E+00     1.74429E+00     1.00000E+00     0.00000E+00     8.65181E-01     1.34819E-01     3.37095E+00     1.75998E-01
   D       0.61554      2.18863     3.82289E+00     1.74939E+00     1.00000E+00     0.00000E+00     8.60549E-01     1.39451E-01     3.40156E+00     1.80769E-01
   D       0.61832      2.18301     3.84016E+00     1.75445E+00     1.00000E+00     0.00000E+00     8.55874E-01     1.44126E-01     3.43272E+00     1.85570E-01
   D       0.62110      2.17698     3.85743E+00     1.75947E+00     1.00000E+00     0.00000E+00     8.51158E-01     1.48842E-01     3.46467E+00     1.90399E-01
   D       0.62388      2.17097     3.87470E+00     1.76448E+00     1.00000E+00     0.00000E+00     8.46403E-01     1.53597E-01     3.49667E+00     1.95255E-01
   D       0.62667      2.16481     3.89197E+00     1.76948E+00     1.00000E+00     0.00000E+00     8.41609E-01     1.58391E-01     3.52873E+00     2.00138E-01
   D       0.62945      2.15846     3.90924E+00     1.77450E+00     1.00000E+00     0.00000E+00     8.36778E-01     1.63222E-01     3.56065E+00     2.05047E-01
   D       0.63223      2.15191     3.92651E+00     1.77954E+00     1.00000E+00     0.00000E+00     8.31910E-01     1.68090E-01     3.59228E+00     2.09982E-01
   D       0.63501      2.14519     3.94378E+00     1.78462E+00     1.00000E+00     0.00000E+00     8.27005E-01     1.72995E-01     3.62334E+00     2.14942E-01
   D       0.63779      2.13818     3.96104E+00     1.78976E+00     1.00000E+00     0.00000E+00     8.22065E-01     1.77935E-01     3.65392E+00     2.19926E-01
   D       0.64057      2.13091     3.97831E+00     1.79498E+00     1.00000E+00     0.00000E+00     8.17088E-01     1.82912E-01     3.68392E+00     2.24935E-01
   D       0.64335      2.12326     3.99558E+00     1.80033E+00     1.00000E+00     0.00000E+00     8.12076E-01     1.87924E-01     3.71416E+00     2.29969E-01
   D       0.64613      2.11509     4.01285E+00     1.80587E+00     1.00000E+00     0.00000E+00     8.07027E-01     1.92973E-01     3.74777E+00     2.35029E-01
   D       0.64891      2.10596     4.03012E+00     1.81182E+00     1.00000E+00     0.00000E+00     8.01938E-01     1.98062E-01     3.82148E+00     2.40115E-01
   D       0.65169      2.09665     4.04739E+00     1.81805E+00     1.00000E+00     0.00000E+00     7.96806E-01     2.03194E-01     3.90000E+00     2.45230E-01
   D       0.65447      2.08770     4.06466E+00     1.82393E+00     1.00000E+00     0.00000E+00     7.91633E-01     2.08367E-01     3.90000E+00     2.50373E-01
   D       0.65725      2.07852     4.08193E+00     1.82976E+00     1.00000E+00     0.00000E+00     7.86422E-01     2.13578E-01     3.90000E+00     2.55540E-01
   D       0.66003      2.06900     4.09920E+00     1.83558E+00     1.00000E+00     0.00000E+00     7.81176E-01     2.18824E-01     3.90000E+00     2.60729E-01
   D       0.66281      2.05907     4.11646E+00     1.84143E+00     1.00000E+00     0.00000E+00     7.75894E-01     2.24106E-01     3.90000E+00     2.65940E-01
   D       0.66559      2.04870     4.13373E+00     1.84729E+00     1.00000E+00     0.00000E+00     7.70578E-01     2.29422E-01     3.90000E+00     2.71172E-01
   D       0.66837      2.03786     4.15100E+00     1.85316E+00     1.00000E+00     0.00000E+00     7.65230E-01     2.34770E-01     3.90000E+00     2.76424E-01
   D       0.67115      2.02654     4.16827E+00     1.85901E+00     1.00000E+00     0.00000E+00     7.59849E-01     2.40151E-01     3.90000E+00     2.81696E-01
   D       0.67393      2.01507     4.18554E+00     1.86477E+00     1.00000E+00     0.00000E+00     7.54439E-01     2.45561E-01     3.90000E+00     2.86987E-01
   D       0.67672      2.00492     4.20281E+00     1.86999E+00     1.00000E+00     0.00000E+00     7.49003E-01     2.50997E-01     3.90000E+00     2.92297E-01
